block_num,tx_hash,from,to,detect_time,attack_signals,selector,has_asset_impact
25954193,0x14a5359b1c857d21c205fcbe847bd1db7b00410658adcce5752d60449a48b2f4,0x1c08c4da1157cf75ae111b2f551ec581064c7e5e,0x8cc5c24a1666d3214340050315b82b2b6b0d9027,2026-09-11T21:00:09,complex_trace;high_gas_used_context,0x8ad4633f,false
25954193,0x4ab0b817ca8408c3da8802992c5a8aa200c2a5632ca725e7d0fc7b253f105905,0x4838b106fce9647bdf1e7877bf73ce8b0bad5f97,0xfeeeeee44046c3f61a8cc081e0918ef0de0a7ffc,2026-09-11T21:00:09,selfdestruct_context,0x6aa3f55b,true
25954193,0x71e413b35a22a69f4d1f5a61346294102b94a929b8a7fa085d7288de1613500c,0x14c908a60c2e4e6bda83a75b46c5a2673a340724,0x556b9306565093c855aea9ae92a594704c2cd59e,2026-09-11T21:00:09,dense_internal_fund_flow;large_erc20_asset_flow,0x219f5d17,true
25954193,0x8abf65be24a2ef5aa7f08c2e1c2c14da80edca3de15105ff74a234991d2b6557,0x5e8b11492066bb133cba52782a23f160adb04fbf,0x8278da54b4a47c0f6f4a0a4b00b6f31678f30181,2026-09-11T21:00:09,privileged_execution_context;complex_trace,0x78920554,false
25954193,0x92266155329c867ee6fb059d67be77dfcb09e1f8780526beec01b183a7c74618,0xafce040b51e28568cb7e558fdc578dc2e4180536,0x66a9893cc07d91d95644aedd05d03f95e1dba8af,2026-09-11T21:00:09,dense_internal_fund_flow;large_erc20_asset_flow;complex_trace,0x3593564c,true
25954193,0x5205dbdb58b4c3820fcb4aef7752e72bca45ea12001fd8df0535d1c1a19dc604,0x4838b106fce9647bdf1e7877bf73ce8b0bad5f97,0xfeeeeee44046c3f61a8cc081e0918ef0de0a7ffc,2026-09-11T21:00:10,selfdestruct_context,0x6aa3f55b,true
25954193,0x7abb2c54a5f990ea2babe13b6c037bd12d1588ac68ea8d12baaa3ecbd1ebee88,0xf70da97812cb96acdf810712aa562db8dfa3dbef,0xb92fe925dc43a0ecde6c8b1a2709c170ec4fff4f,2026-09-11T21:00:10,dense_internal_fund_flow;complex_trace;high_gas_used_context;token_activity_burst,0xcd6e13f7,true
25954193,0xfddf435505c4a399360b748bc228e312602d25871f9d0ab3b1d4f0f14fd3a54b,0x4337003fcd2f56de3977ccb806383e9161628d0e,0x4337084d9e255ff0702461cf8895ce9e3b5ff108,2026-09-11T21:00:10,dense_internal_fund_flow;complex_trace;high_gas_used_context,0x765e827f,true
25954194,0x09751bcd5488b0fbc12cd48226c328125da184349b5a233eec36467346a8ab88,0xdc6d1ddb5d4e165a2a40cc04575f808def85dfb6,0x824a78cd1c450e80f9d4744707fe29b8e0f7e0f5,2026-09-11T21:00:11,large_erc20_asset_flow;complex_trace,0xcd601439,true
25954194,0x21dae7402850ffc628382cdc777bc9e674326932e0596e899e01deeb8feb2bf3,0x3eff3dc5a4f5c65d28e88dc8fd22800979c9e7c6,0xbdb3ba9ffe392549e1f8658dd2630c141fdf47b6,2026-09-11T21:00:11,large_erc20_asset_flow,0x00000069,true
25954194,0x218fece462559122926f24c4b7ab48a4055fb224fd816b91388804bf3cfeab36,0xf07b4d27cae6571857e51ab3fb209f5226de2d88,0x06cff7088619c7178f5e14f0b119458d08d2f5ef,2026-09-11T21:00:41,large_erc20_asset_flow;complex_trace,0x99999999,true
25954194,0x385ebda88401852f0794029c681a8a147fa35d0662c037fc147098f21e08f729,0xdadb0d80178819f2319190d340ce9a924f783711,0xfeeeeee44046c3f61a8cc081e0918ef0de0a7ffc,2026-09-11T21:00:41,selfdestruct_context,0x6aa3f567,true
25954194,0x3e80d6a2ea76a35c5e3101e35661e9b085a85d062dad7bb47ad3f4081a24d95a,0xf4999a598158e176396deffd9271d8df92023d7a,0x3d90f66b534dd8482b181e24655a9e8265316be9,2026-09-11T21:00:41,complex_trace;high_gas_used_context;token_activity_burst;approval_burst,0x47ee97ff,true
25954194,0x42148dd168022e7a2404bc97fafccccf4cc4534c9593253724ed568c36adbf0e,0x59cadf9199248b50d40a6891c9e329ea13a88d31,0xfeeeeee44046c3f61a8cc081e0918ef0de0a7ffc,2026-09-11T21:00:41,selfdestruct_context,0x6aa3f567,true
25954194,0x74944c9ae7df7adc8c99697f64a2fe8f7a20e7d04e6adaf9702fe63f622e3730,0xf733f03f1d8d82a381de629b82c8b64d630e6355,0x0439e60f02a8900a951603950d8d4527f400c3f1,2026-09-11T21:00:41,complex_trace;high_gas_used_context;token_activity_burst,0x3ce33bff,false
25954194,0x9f948a3a09cdfa358b7491f53157d278e68cb69423bbc1aae5161f93237bb42f,0x53706e1a50e21d81f4e85f2aa69633ae4a869017,0xb68e250a2458f2da2a48d1e5e3f7fe9883c4b9b6,2026-09-11T21:00:41,large_erc20_asset_flow;complex_trace;high_gas_used_context,0x67e9afb8,true
25954194,0x9fdd0c3c3b7605a777a860d625451ee209a8e2a075a7916564e52d9a74b380e0,0xbee82923a152d4044a045110adca4db95b050009,0xbee3211ab312a8d065c4fef0247448e17a8da000,2026-09-11T21:00:41,large_erc20_asset_flow;complex_trace,0x4cf3fe9c,true
25954195,0x40a80dc17f044fb3b860258f1e8b8597b87c354cf0e993ac44a9c7b48c2d1a4c,0x66ae48ed2d39c4e6434ca56e1a4535f96bd9e0ff,0xd90e2f925da726b50c4ed8d0fb90ad053324f31b,2026-09-11T21:01:13,dense_internal_fund_flow,0xb438689f,true
25954195,0x91f036cbf17620c6895cc4b6b6ed185dcd0494d754fd2dbfda1516a9045f537f,0x1d425d5c3fe77f5f91f5582f2a98d4a94cb0549b,0x0000000000001ff3684f28c67538d4d072c22734,2026-09-11T21:01:13,dense_internal_fund_flow;complex_trace;high_gas_used_context,0x2213bc0b,true
25954195,0x9bb55ace3d1aee5d67ef97164c718c69057cab3609c73d002140f8d0cb957a55,0x754dcfb2861547015b221e963b4133a71dbdc024,0x3e07be15370d8b12d80a159a7ef14b9e51869497,2026-09-11T21:01:13,dense_internal_fund_flow;complex_trace;high_gas_used_context;token_activity_burst,0x21af54c6,true
25954195,0x098aa7ba20940998866bad345c72bf1781de46dbb7cb0d1d2d946998e8928a76,0x0e0052a184fd59c6b7e1e99d739802ecb3aec0e4,0xd82461784eb72d4b67cbab077989eb215315e272,2026-09-11T21:01:14,large_erc20_asset_flow;complex_trace,0x805f7b65,true
25954195,0x0d96240cd17a59b661fd67d737b9da49da5369c52283cfac9b9146052a72c53a,0xdadb0d80178819f2319190d340ce9a924f783711,0xfeeeeee44046c3f61a8cc081e0918ef0de0a7ffc,2026-09-11T21:01:14,selfdestruct_context,0x6aa3f573,true
25954195,0x3b8d93180392403df1592b663691f76a9e08e2bcc0794da6253b57d5ca2757d0,0xb222da0febc4777ee2fc10e3160c90760658f082,0xb222da0f9c22ad2addcb0b0d6b150f398e44157a,2026-09-11T21:01:14,complex_trace;high_gas_used_context,0xef4d7b75,false
25954195,0x52149d5dd4acf687c3b7dedfb7a243f406cd12518200e1e692fc7c75319c245b,0xd0a6db95f52d2a0285bf2f920c9bd527407b47a8,0xa9d635ef85bc37eb9ff9d6165481ea230ed32392,2026-09-11T21:01:14,large_erc20_asset_flow;complex_trace;high_gas_used_context,0xe7c438c9,true
25954195,0x553782cff0abdd6e1313ab090c8302a7fd6b12876121995e9619915359411d3b,0x0e0052a184fd59c6b7e1e99d739802ecb3aec0e4,0xd82461784eb72d4b67cbab077989eb215315e272,2026-09-11T21:01:14,large_erc20_asset_flow;complex_trace,0x805f7b65,true
25954195,0x5a7e7283f9cf7a5029c2c9452fb9f24259458064ec4b8da952a6f86357184534,0x0e0052a184fd59c6b7e1e99d739802ecb3aec0e4,0xd82461784eb72d4b67cbab077989eb215315e272,2026-09-11T21:01:14,large_erc20_asset_flow;complex_trace,0x805f7b65,true
25954195,0x6ef34f56d37dc217186a1f8d0547e48784bd8a9f5542a45b4278214b958a99ab,0x0e0052a184fd59c6b7e1e99d739802ecb3aec0e4,0xd82461784eb72d4b67cbab077989eb215315e272,2026-09-11T21:01:14,large_erc20_asset_flow;complex_trace,0x805f7b65,true
25954195,0x76f0042679bf368b530637421db8e47b2a2722215abd511bfaf164a2d18ca978,0x0e0052a184fd59c6b7e1e99d739802ecb3aec0e4,0xd82461784eb72d4b67cbab077989eb215315e272,2026-09-11T21:01:14,large_erc20_asset_flow;complex_trace,0x805f7b65,true
25954195,0x7bb87cf29802bf0546cdfbc9acea68ff5e7a06c3c25b0e38da7b0fd0dc2de4c1,0x00f58f9c16409277634230f27ce133526b74170b,0x587de472e51ce47d6ed119fb1346a9547abd6423,2026-09-11T21:01:14,large_erc20_asset_flow;complex_trace;high_gas_used_context;token_activity_burst,0x601881f3,true
25954195,0x7de91a72be746bc0114ca61645191d8a8a8aec109e42a1ba8a8e58126a2902de,0x97105cf9fe2a44295c000f2f6e1ca9ce1a3036af,0xef39d6493884c4c84d38a4bff879ce16cede702a,2026-09-11T21:01:14,large_erc20_asset_flow;complex_trace,0xc16ae7a4,true
25954195,0x866d29189474d6b1c9dfe2495e6dff2e84f48d0864062841418bbf010b3033f8,0x0e0052a184fd59c6b7e1e99d739802ecb3aec0e4,0xd82461784eb72d4b67cbab077989eb215315e272,2026-09-11T21:01:14,large_erc20_asset_flow;complex_trace,0x805f7b65,true
25954195,0x93f875c93669292b776b3131b4c507a47b38387b2b84897a80a059bdd3c449b4,0xdadb0d80178819f2319190d340ce9a924f783711,0xfeeeeee44046c3f61a8cc081e0918ef0de0a7ffc,2026-09-11T21:01:14,selfdestruct_context,0x6aa3f573,true
25954195,0x9ff464e58829aefcb5605e1b87e4b626d3dce6005ce45e93406bdbbfcdc476ad,0x0e0052a184fd59c6b7e1e99d739802ecb3aec0e4,0xd82461784eb72d4b67cbab077989eb215315e272,2026-09-11T21:01:14,large_erc20_asset_flow;complex_trace,0x805f7b65,true
25954195,0xa9805d7013276a7a42b912e0fa58b7a93c0f78beb8ed474e3f984b53d602e7d7,0x0e0052a184fd59c6b7e1e99d739802ecb3aec0e4,0xd82461784eb72d4b67cbab077989eb215315e272,2026-09-11T21:01:14,large_erc20_asset_flow;complex_trace,0x805f7b65,true
25954195,0xcd8abc581a6353e3cf392dfe66ab1ab1e5aeda002139c18dd8e967c32f422bd6,0xd94f3fb3717b79ece7fb9b9040018e1756898320,0x8feab81d36e7576107d5de0758c1b839be31b4f6,2026-09-11T21:01:14,complex_trace;high_gas_used_context;token_activity_burst,0x0c307f76,true
25954195,0xea2eb945fa03eab7bef2393fa5e2a496f65d1cb5939335d2e4b32b09793f602d,0x74af873b499cee8cb298ea75331f81b4709c7d90,0x5af5194b4b0909eb978e3cf1e25333852277f07d,2026-09-11T21:01:14,complex_trace;token_activity_burst,0x9aefaff8,false
25954195,0xf4dab6d4d7e4e22f94e68bd678bd9c7b47d27596cd5bb3441e8803ccfae309e7,0x20d325dc040c6bb4517afb0a3a364b959095dd71,0xb3f387c9bd68354cf5a331190fb939cb41b30322,2026-09-11T21:01:14,privileged_execution_context;complex_trace,0xc6fe8747,false
25954196,0x13328a08405d427526d6908a2bd1cd442e99d8ef5b67fc3e1e8f2e808bb8c598,0x1b263afb92f6c4fe517dcc626a5405eff3adc4dc,0x20fc4afe4c6736923104c2712989da32ec961940,2026-09-11T21:01:17,large_erc20_asset_flow;complex_trace,0xc46b30bc,true
25954196,0x58025382aa7e87fded95edeca4a5a7fe4268ae63ee5136b809fb227c2af48978,0x030f2c58d064ad0ee5ff59c625b81e4eb5c97944,0x7acc93938d4fb2f8bf7a8e4344f8160c81697f07,2026-09-11T21:01:17,complex_trace;selfdestruct_context,0xb61d27f6,false
25954196,0x7d180a23aab1a558755d27fad3bac7b1dbbf249ff1ffd2844f22c2683aefe979,0xb87240dc91dead3cc6918c5c71ad17cc13a20ab3,0x0000000071727de22e5e9d8baf0edac6f37da032,2026-09-11T21:01:17,dense_internal_fund_flow;complex_trace;high_gas_used_context;token_activity_burst,0x765e827f,true
25954196,0x867bb2e56888acf8bbc49d2dba59642b51e1d8126342ec5900bf6d3455931f1b,0x091023c38f51b094acc9e6e5a00e82f6fcc88d1b,0x950fd558f47e234a2fde23b7d61f7ccdbcb4a86f,2026-09-11T21:01:17,dense_internal_fund_flow;large_erc20_asset_flow;complex_trace,0xdd225095,true
25954196,0x950292aa209de167399e6fb1385189763c55719aa002a6051a0d2d1570c3eaf0,0x6d1ff977357b215cd1739660d49e794a676c3e03,0xd1c6aca7ea7ed44e1873dafa054c28ceb690c7eb,2026-09-11T21:01:17,complex_trace;high_gas_used_context,0x9eb723c7,false
25954196,0xa130d370d13bc1c32d81a1bd874322650ba0bdf14853aa0323cb15e4c1207a58,0xd84a0316aaf973e6ac8956a302aef02335d047cc,0x97caca78ac2a94c67643d07843f85afaa44a3ea5,2026-09-11T21:01:17,complex_trace;high_gas_used_context,0xc02409ba,false
25954196,0xa798a3bc3c08294a3cf6fb9f533f0a1733a8f41186c61d0d9ddd36795846c708,0x883a95fdf8df78e7128fced0e9d931a687ff542f,0x6f714629052538051c41d5965369bec0eea594e3,2026-09-11T21:01:17,complex_trace;high_gas_used_context,0x586146e0,false
25954196,0xbaffd4bb9730972f9b07a693fd92d55aa079f6b8b9f63d7b1b3d1de642216cb5,0x99a5b028d785a7bd475339b1f8548d6d659ce5c2,0x2d83ff1cb1c79c68fe530d35f439a92a645faded,2026-09-11T21:01:17,large_erc20_asset_flow;complex_trace;high_gas_used_context;token_activity_burst,0x07ed2379,true
25954196,0xbfa035f8b8429f62534cf59d43300a6a78b9177385db16790a3f8faa38589ff1,0x50bf934781f63028c5c8ef49c4affe19a86d99b6,0x8d04cc7e86e687854eb41d9d43512b655b93184b,2026-09-11T21:01:17,complex_trace;selfdestruct_context,0x4a1bf18a,false
25954196,0xbfd8da05a6230919f543f007ca2475712eb3969ae5018ac1443f3ca3880e38b7,0xcd0c2857bcef610f5da5c7878394177db3dec7cf,0x85940d36a1f438d4292dd77365d99cc2d1eae3c7,2026-09-11T21:01:17,dense_internal_fund_flow;complex_trace;high_gas_used_context,0xd2fca68a,true
25954196,0xcfbda157722a9a0aa1a90364224bfad37279267af0e8cd81dfd50de4e68fb667,0x7556699aa8e6a7c9c69bcfaf9debd05f8192b063,0x7f3d4b092559b17f2227699a1f39cd56a90ef749,2026-09-11T21:01:17,complex_trace;high_gas_used_context;token_activity_burst,0xe587456a,false
25954196,0xdc954a2cf964d0230f76e4574dccd2bba8e5ca0d987e18a6ee90576d987001bd,0xa127edc40fea07cdff89f8d812931f612ec13fa6,0xb222da0f9c22ad2addcb0b0d6b150f398e44157a,2026-09-11T21:01:17,dense_internal_fund_flow;complex_trace,0xef4d7b75,true
25954196,0xa8ec9671cb0562d7a318c4fea761eab2fed9ebd9d4bce928019ea3720d15a089,0xfc16ff04e8fb8c99f273f4a4f724d8e200a655c7,0x1231deb6f5749ef6ce6943a275a1d3e7486f4eae,2026-09-11T21:01:48,dense_internal_fund_flow;complex_trace,0x736eac0b,true
25954196,0x3ac2197e9725974b334240090da53432f9fdd588a355f68a6d2a19a367e471f1,0x70dfd3ebb6952bf9264379af40f2293bda9361fe,0x3154cf16ccdb4c6d922629664174b904d80f2c35,2026-09-11T21:02:49,large_erc20_asset_flow;complex_trace,0x838b2520,true
25954196,0x49b8c2e64556abec21557d8955dce4cf13b9d24d4bd369a0ee8f33db8143b7e8,0x95cc89de66e32880e0c3171926078330780c7dc9,0x147bde4f997f0d4c7544ed0c55eacf1e5e6bf9c4,2026-09-11T21:02:49,large_erc20_asset_flow;complex_trace,0xc7c7f5b3,true
25954196,0x5b3b3528f89241b51f283bee10956e9a75daeb2a44a5de986aecde9a7aa8b955,0x396343362be2a4da1ce0c1c210945346fb82aa49,0xfeeeeee44046c3f61a8cc081e0918ef0de0a7ffc,2026-09-11T21:02:49,selfdestruct_context,0x6aa3f57f,true
25954196,0x6f8f4c51c9d1003c9c90d693d35a66918251cfeb25638c6b885e3fcdcd5b3162,0x396343362be2a4da1ce0c1c210945346fb82aa49,0xfeeeeee44046c3f61a8cc081e0918ef0de0a7ffc,2026-09-11T21:02:49,selfdestruct_context,0x6aa3f57f,true
25954196,0x85792f2dae2b3a71205c4f2237c3b63144e186e10dbc778a63147629946806dc,0x396343362be2a4da1ce0c1c210945346fb82aa49,0xfeeeeee44046c3f61a8cc081e0918ef0de0a7ffc,2026-09-11T21:02:49,selfdestruct_context,0x6aa3f57f,true
25954196,0xb96e2a426ff560e22b5bc30f05288e9eceea8551a1cc39b97cbce887a3cb5ced,0x6cc149b5f9ffcc44c46eb4502989e3f724030053,0xfeeeeee44046c3f61a8cc081e0918ef0de0a7ffc,2026-09-11T21:02:49,selfdestruct_context,0x6aa3f57f,true
25954196,0xc8b306b51bca2f0fca4c56c6d1b9a2b21c21082412ba54abfae0bfcd35e90307,0x396343362be2a4da1ce0c1c210945346fb82aa49,0xfeeeeee44046c3f61a8cc081e0918ef0de0a7ffc,2026-09-11T21:02:49,selfdestruct_context,0x6aa3f57f,true
25954196,0xe4193212289afbf9eb96ecc487d264b31d1ac4eeeff907ce7b92acb01b0a1ac5,0x4e4adc088439e79632d7283760e68ab93ffe1171,0x8feab81d36e7576107d5de0758c1b839be31b4f6,2026-09-11T21:02:49,complex_trace;high_gas_used_context,0xf2c42696,false
25954197,0x611d9804c10103436a455d90132bcb838d4e60252737f7e41b4aed3daa1f8609,0xc78aab1d64c3edf401d56bc7e896a6e377c6c3b1,0x8feab81d36e7576107d5de0758c1b839be31b4f6,2026-09-11T21:02:50,dense_internal_fund_flow;complex_trace;high_gas_used_context;token_activity_burst,0x0c307f76,true
25954197,0x7679c4ed55e2602d0f856d5f591a65c7170e09a71b1c89fca3afbf499761e249,0xf70da97812cb96acdf810712aa562db8dfa3dbef,0xb92fe925dc43a0ecde6c8b1a2709c170ec4fff4f,2026-09-11T21:02:50,dense_internal_fund_flow,0xcd6e13f7,true
25954197,0x99a7574945cc207560ba39fee5a872320ef707db40bf13c21eb0af744c9c1fb6,0x56c262027e0de4aea31d2489529cb25d23e58a8b,0xccc88a9d1b4ed6b0eaba998850414b24f1c315be,2026-09-11T21:02:50,large_erc20_asset_flow;complex_trace;high_gas_used_context;token_activity_burst,0x0a2b8f36,true
25954197,0xa01f9868e9b0a5de6b41f1979d5c3c489f46777098c7aeeee1163a9ae237935a,0x78e59dc931ab14a179d0afa5286df821c2ee392d,0x4c82d1fbfe28c977cbb58d8c7ff8fcf9f70a2cca,2026-09-11T21:02:50,dense_internal_fund_flow;large_erc20_asset_flow;complex_trace,0x3593564c,true
25954197,0xa80432d1af17cb430c2f0c76c1287c690cc7715a914647fffd1daf19f45bdeea,0xabb2acd3be814a80e502575d6c1dc5f789e9cd10,0xb92fe925dc43a0ecde6c8b1a2709c170ec4fff4f,2026-09-11T21:02:50,repeated_internal_token_drain;dense_internal_fund_flow;very_complex_trace;high_gas_used_context;token_activity_burst;repeated_risky_internal_calls,0xcd6e13f7,true
25954197,0x624e61d7f47e508b1785830472f03271ea6eef903a455f249879a93213eb64f2,0xdadb0d80178819f2319190d340ce9a924f783711,0xfeeeeee44046c3f61a8cc081e0918ef0de0a7ffc,2026-09-11T21:02:51,selfdestruct_context,0x6aa3f58b,true
25954197,0xc5aaafa989c24498dfd6667d4020bfb616cc51186ffd7a78ffe09895a9a2c8dc,0xdadb0d80178819f2319190d340ce9a924f783711,0xfeeeeee44046c3f61a8cc081e0918ef0de0a7ffc,2026-09-11T21:02:51,selfdestruct_context,0x6aa3f58b,true
25954198,0x095308784bfe583fddc28cea3ad50d96c7368215d785ebda346e9c78e8383e07,0x9b13e4850a184a257023f8fb75dbf995ef7f1bd4,0x4c82d1fbfe28c977cbb58d8c7ff8fcf9f70a2cca,2026-09-11T21:02:52,dense_internal_fund_flow;complex_trace,0x3593564c,true
25954198,0x38d3c3a1504a46f9b088be1f0002f32255d2043d7d2861e1aaa04089d4579c76,0xdadb0d80178819f2319190d340ce9a924f783711,0xfeeeeee44046c3f61a8cc081e0918ef0de0a7ffc,2026-09-11T21:02:52,selfdestruct_context,0x6aa3f597,true
25954198,0xaf4f4e0989af34f12f1d88e6fe6694a21cca855e1c12ce224bec131e93e94a5a,0xdadb0d80178819f2319190d340ce9a924f783711,0xfeeeeee44046c3f61a8cc081e0918ef0de0a7ffc,2026-09-11T21:02:52,selfdestruct_context,0x6aa3f597,true
25954199,0x89697ec67c08cae3c05d23cfb68166dc8191e68f9ad3eb65cbd4310eaa5a5959,0x5b43453fce04b92e190f391a83136bfbecedefd1,0xbdb3ba9ffe392549e1f8658dd2630c141fdf47b6,2026-09-11T21:04:58,repeated_internal_token_drain;dense_internal_fund_flow;complex_trace;high_gas_used_context;token_activity_burst;repeated_risky_internal_calls,0x000000c3,true
25954199,0x8d2301f7838e644858e3a4b781f8e1c93a101b27cb3d910ffef31d6cd5918515,0x5b43453fce04b92e190f391a83136bfbecedefd1,0xbdb3ba9ffe392549e1f8658dd2630c141fdf47b6,2026-09-11T21:04:58,dense_internal_fund_flow,0x000000cc,true
25954199,0x11ea251e407b67268b75eaf39733c3e59547a5c3603fcbe1525874b142626ace,0x7f324545c481f8c150802103a8ee94014251b888,0x0000000000001ff3684f28c67538d4d072c22734,2026-09-11T21:04:59,large_erc20_asset_flow;complex_trace,0x2213bc0b,true
25954199,0x133a2a681ae8a3b55416a9fb00830018bd79dad61dd4a53abfd54443cc01f8e6,0x0e0052a184fd59c6b7e1e99d739802ecb3aec0e4,0xd82461784eb72d4b67cbab077989eb215315e272,2026-09-11T21:04:59,large_erc20_asset_flow;complex_trace,0x805f7b65,true
25954199,0x2ce1f0301f19b9a0845ce46facf11bde0d3e3c1fa03ace4d6f073be16b9db47d,0x4838b106fce9647bdf1e7877bf73ce8b0bad5f97,0xfeeeeee44046c3f61a8cc081e0918ef0de0a7ffc,2026-09-11T21:04:59,selfdestruct_context,0x6aa3f5a3,true
25954199,0x378d5ac7e7281bdb012c19b0d5a7a3cd5d51e891beeb0ee5809acf4004b3e396,0x0e0052a184fd59c6b7e1e99d739802ecb3aec0e4,0xd82461784eb72d4b67cbab077989eb215315e272,2026-09-11T21:04:59,large_erc20_asset_flow;complex_trace,0x805f7b65,true
25954199,0x37a6ddc273d6d1f59c16b7689a3717ee5038444d2a52db747febc107032f75ae,0x50bf934781f63028c5c8ef49c4affe19a86d99b6,0x8d04cc7e86e687854eb41d9d43512b655b93184b,2026-09-11T21:04:59,dense_internal_fund_flow;complex_trace;selfdestruct_context,0x4a1bf18a,true
25954199,0x6a9b51e34985b58207b7b526090c1cc241b5adf2550cbcd83c03db92d2b4eda7,0x6e7031d64d844b4e1d2c5623b57366ad9dc25f1e,0x5435b8b0843206fa8fc99453a3112713e6f0fd46,2026-09-11T21:04:59,large_erc20_asset_flow;complex_trace,0x6a761202,true
25954199,0x90fc4895464ce1e0889e37add02dc2caab4e5b26582c832aa1b9b3968dc26426,0xbe0b407782a7599380fa726db315340126d62229,0x4d2fb5f8ec243fde4df1a9678b82238570c7e0e4,2026-09-11T21:04:59,repeated_internal_token_drain;dense_internal_fund_flow;complex_trace;high_gas_used_context;token_activity_burst;repeated_risky_internal_calls,0x6a761202,true
25954199,0xb33fbd115fabde9b8fa4dc29f5e676d7c9a4da9a605a8f58b1e68f06b517933a,0x0e0052a184fd59c6b7e1e99d739802ecb3aec0e4,0xd82461784eb72d4b67cbab077989eb215315e272,2026-09-11T21:04:59,large_erc20_asset_flow;complex_trace,0x805f7b65,true
25954199,0xc39767d971fa659febf962bb336d589e6c7c768e4b3fa68ca261ab7d060b5caf,0x0e0052a184fd59c6b7e1e99d739802ecb3aec0e4,0xd82461784eb72d4b67cbab077989eb215315e272,2026-09-11T21:04:59,large_erc20_asset_flow;complex_trace,0x805f7b65,true
25954199,0xdd527c711163366cc18a9a99d894f9abd6f75a38682ec75d30cc5e03efdbcddb,0xd411d428a63cf4c7029bc53f0e0f56c4933fdbb7,0x6131b5fae19ea4f9d964eac0408e4408b66337b5,2026-09-11T21:04:59,dense_internal_fund_flow;complex_trace,0xe21fd0e9,true
25954199,0xe5bff15f19d2f05dc20dd56dafd6ec19706e463820a463cd36682b85ad23a12c,0xaa1444bc78a57aa2f4157364cb4495a2ed328df0,0xf4e147db314947fc1275a8cbb6cde48c510cd8cf,2026-09-11T21:04:59,large_erc20_asset_flow;complex_trace,0x0bf5d35e,true
25954200,0x20f9c30286b85f41b57f341f4dfea60f6f665405f63513c8d495d21be0ce59fb,0xc6acbee42e9e323140c1ed060c2f6ea9cc3b4b75,0x7c5a71c9fefbc7691f9d4ac7baf70c743792f716,2026-09-11T21:05:01,selfdestruct_context,0xf3fef3a3,false
25954200,0x264e62c29de25f42e055ed9e0136516ccbd1540da73f37be558132cf649815f0,0x059f30d919a34f32f85f7e6860919677aefa3e3a,0x4313c378cc91ea583c91387b9216e2c03096b27f,2026-09-11T21:05:03,dense_internal_fund_flow;complex_trace,0xeffbec13,true
25954200,0x96bf31200f543720994cb3d3cdbb4f805247acff88d0c5e0590fbdfebd5a5429,0x4b6b3d3cc3ccafa26a2330a45f8e958ad645401f,0xd64de146f5b1bd10e83f11c83a455d4ee714667e,2026-09-11T21:05:33,large_erc20_asset_flow;complex_trace,0x601881f3,true
25954200,0x19188b7462fe93accb905b6755ee17e1a9e68f21ca70f538c7412afa22d4b133,0x4838b106fce9647bdf1e7877bf73ce8b0bad5f97,0xfeeeeee44046c3f61a8cc081e0918ef0de0a7ffc,2026-09-11T21:06:05,selfdestruct_context,0x6aa3f5af,true
25954200,0xce016d9d59d2f6f5612a856bafbfd4d24d196d5ad66f038cfddcf2824d08d151,0xa2764538be8a92ff563048ad4316000000947f0e,0x71d5dcd76fb9ca8fe92b4952f13eaad149a955e0,2026-09-11T21:06:05,complex_trace;high_gas_used_context,0x99000000,false
25954201,0x070742c1f24f2004f37fca0773ce374cb31cd73230be344d1a190327bc0ab519,0x5b43453fce04b92e190f391a83136bfbecedefd1,0xbdb3ba9ffe392549e1f8658dd2630c141fdf47b6,2026-09-11T21:06:07,repeated_internal_token_drain;dense_internal_fund_flow;very_complex_trace;high_gas_used_context;token_activity_burst;repeated_risky_internal_calls,0x000000c3,true
25954201,0x1630bef5a50c044ebac86d90479c9a0ab52e7de9eb8940ac33c94a019a79d09b,0x7830c87c02e56aff27fa8ab1241711331fa86f43,0xa9d1e08c7793af67e9d92fe308d5697fb81d3e43,2026-09-11T21:06:07,large_erc20_asset_flow;token_activity_burst,0xca350aa6,true
25954201,0xc3136fd1f8164fb5c1ecb7f50c8467f5083662de750766a87e7a9f9b77792502,0x7830c87c02e56aff27fa8ab1241711331fa86f43,0xa9d1e08c7793af67e9d92fe308d5697fb81d3e43,2026-09-11T21:06:07,dense_internal_fund_flow,0x1a1da075,true
25954201,0x13b7452b9df7c1be629acf755ced24d4ae1766309784b47bd7dcb02df5b62588,0x7556699aa8e6a7c9c69bcfaf9debd05f8192b063,0x7f3d4b092559b17f2227699a1f39cd56a90ef749,2026-09-11T21:06:08,dense_internal_fund_flow;complex_trace;high_gas_used_context;token_activity_burst,0xe587456a,true
25954201,0x23c1a5ce3ed177d5d4aa6dd15ec689a7d91b84e96b65f97666bcf77b05a43ba3,0xc6bfa0fd6d7d46d9708f9d6f8d2aff43d372475c,0xe887aab539ab3f54f7b5db29cbdec1378eb307fa,2026-09-11T21:06:08,complex_trace;high_gas_used_context;token_activity_burst,0x1dd18d7c,false
25954201,0x72a44d71c8b89d00a27ea033d527a6dcedb377dccc1486f36b6278ef3f139a2e,0xd5acc829486479bbc01a8930de5d15c76cdb6c5d,0x8feab81d36e7576107d5de0758c1b839be31b4f6,2026-09-11T21:06:08,large_erc20_asset_flow;complex_trace;high_gas_used_context,0xf2c42696,true
25954201,0xb3e507153efb4d54df8d2873209d6f0c5c06a6168540fd39362710896ffaa010,0x0df121b184b27a203ad81218db68c573b5431009,0x71aab3a77c12c1846c8d895305bd9c45b8cc77f8,2026-09-11T21:06:08,dense_internal_fund_flow;complex_trace;high_gas_used_context;token_activity_burst;approval_burst,0x601881f3,true
25954201,0xd7f6f58140e3307b5bd5bb29415311ec27c96de781906fd9c71a376d53c6d0bb,0x4838b106fce9647bdf1e7877bf73ce8b0bad5f97,0xfeeeeee44046c3f61a8cc081e0918ef0de0a7ffc,2026-09-11T21:07:09,selfdestruct_context,0x6aa3f5bb,true
25954202,0x34ed2ab6f2f1901b51b6eb2aad7d392537b850353cdbfd67feae5f83b2407a0b,0x65a8f07bd9a8598e1b5b6c0a88f4779dbc077675,0x6131b5fae19ea4f9d964eac0408e4408b66337b5,2026-09-11T21:07:42,dense_internal_fund_flow;complex_trace;high_gas_used_context;token_activity_burst,0xe21fd0e9,true
25954202,0xc906e578143e7d124a3754f9f0174e50594365f762c52416b8258bdfff5e4915,0x9c97ee995ee9d19f5afbb2bd979c6ede03000e7f,0x0000000071727de22e5e9d8baf0edac6f37da032,2026-09-11T21:07:42,complex_trace;high_gas_used_context,0x765e827f,false
25954202,0x11d17ec8abdecf9b8373ea29d4d0f05d496b9ebec0ffc66cd23a1f0276914686,0x520971c22120946f81b291fba7e5dc4af155e2da,0xe61725244f8a0d9573530a125b6fd69260a0952f,2026-09-11T21:07:43,large_erc20_asset_flow;complex_trace,0x601881f3,true
25954202,0x227056a025d1fc58b5d15506290ee084748cae4984d164d1bdb4185abef969ed,0x0efc659c4b7c7819f70f2d07c83351d18e3d556b,0x824a78cd1c450e80f9d4744707fe29b8e0f7e0f5,2026-09-11T21:07:43,dense_internal_fund_flow;complex_trace,0xcd601439,true
25954202,0x393aa11f7fabfe833333dda9b45518a12c331baeca0309040dd682bcff7f896c,0x50bf934781f63028c5c8ef49c4affe19a86d99b6,0x8d04cc7e86e687854eb41d9d43512b655b93184b,2026-09-11T21:07:43,selfdestruct_context,0xb5291b32,false
25954202,0x806137af480a720b2964fc9f39eefeebf371d834e04ddfc4b8f7015455f99158,0xf70da97812cb96acdf810712aa562db8dfa3dbef,0xb92fe925dc43a0ecde6c8b1a2709c170ec4fff4f,2026-09-11T21:07:43,dense_internal_fund_flow;complex_trace,0xcd6e13f7,true
25954202,0xa6381b3be938f0112dba77e36c65a8401cdfbfb89e0411723aff5be202c9f1ac,0x48bcd5e0900b249fa09f238ca11084d750b88425,0x147a429fbd403794587ff971207e684f5e141e7f,2026-09-11T21:07:43,large_erc20_asset_flow;complex_trace,0xbbf3196b,true
25954202,0x0b3e400ffc2c6bd63e2ced68803763580134511437d6e3cd6b96cfee4b547dbd,0x1feed341f68ae6812b30e139ab074182ea4e3830,0x9e9110cfd24cd851ea5bc73a27975b33e308f9e1,2026-09-11T21:07:44,large_erc20_asset_flow,0xeb7499cf,true
25954202,0x1c0da6927aef663157547c601126e6ee8240781394ebcc27fd1c781917318ecb,0xce54f65abb8b61b83c14cbe97de97fce75bbf556,0x5ff137d4b0fdcd49dca30c7cf57e578a026d2789,2026-09-11T21:07:44,large_erc20_asset_flow;complex_trace,0x1fad948c,true
25954202,0x5791a8e110da031b81d031b6eea21cb294374c62083ef89a7c26082f5e1cf361,0xf6f757c34a8b699deeb2f54fb7545cb100db52dd,0x950fd558f47e234a2fde23b7d61f7ccdbcb4a86f,2026-09-11T21:07:44,large_erc20_asset_flow;complex_trace,0xdd225095,true
25954202,0xd04c8f1ddcb00713495fe936149a128e3287e75c1563c7da51f4efe94c5dbe32,0x969941f7a5b1c8089afb88d7e111143e46109791,0x608a60e587666766f855c1adffc99851f9d44c62,2026-09-11T21:07:44,complex_trace;high_gas_used_context,0x6a761202,false
25954202,0x3d3807a1c19d0e77fff44c99602e3a27485c1b05f151f8c2c9b00e563e5d8da7,0x396343362be2a4da1ce0c1c210945346fb82aa49,0xfeeeeee44046c3f61a8cc081e0918ef0de0a7ffc,2026-09-11T21:07:45,selfdestruct_context,0x6aa3f5c7,true
25954202,0x41b65c3b9148010ebb61db10230901ddf2c5936c5bc6c9a1da3e3af9d78aaa11,0xc633a00ff626f867de9b7642da3095451076db07,0xca11bde05977b3631167028862be2a173976ca11,2026-09-11T21:07:45,complex_trace;high_gas_used_context,0x82ad56cb,false
25954202,0x76316feb0e43decd295cf10742c8960044ae7d06f8bea9f70f0ce21c84e7ce96,0x396343362be2a4da1ce0c1c210945346fb82aa49,0xfeeeeee44046c3f61a8cc081e0918ef0de0a7ffc,2026-09-11T21:07:45,selfdestruct_context,0x6aa3f5c7,true
25954202,0x8588ddf11520e2f45d1e1f48bc2b010e154dced5b0e7009362e7a3503010c173,0x396343362be2a4da1ce0c1c210945346fb82aa49,0xfeeeeee44046c3f61a8cc081e0918ef0de0a7ffc,2026-09-11T21:07:45,selfdestruct_context,0x6aa3f5c7,true
25954202,0xd5645e43eb8e22ea297799cfe888b7b4b6990e33c451b90197065538c3602b83,0x91355870a334ffc33e84503327773259e3030366,0xec3e1fc6e5ba8186f8025f4332586c3eb07f3577,2026-09-11T21:07:45,dense_internal_fund_flow;token_activity_burst,0xa9059cbb,true
25954202,0xde426fc75fff22194db43e2ff7f0294eb421cfb7c032576ea972db39d12937b4,0x396343362be2a4da1ce0c1c210945346fb82aa49,0xfeeeeee44046c3f61a8cc081e0918ef0de0a7ffc,2026-09-11T21:07:45,selfdestruct_context,0x6aa3f5c7,true
25954202,0xe0023026e079c3d34835aa464d312cfe6a1c2e190bc8e17ba696e425d89c5971,0x396343362be2a4da1ce0c1c210945346fb82aa49,0xfeeeeee44046c3f61a8cc081e0918ef0de0a7ffc,2026-09-11T21:07:45,selfdestruct_context,0x6aa3f5c7,true
25954202,0xea287fe03d70865b024101c3e213faa64879f4284e6d8db2d5ef64bec5e96dc8,0x396343362be2a4da1ce0c1c210945346fb82aa49,0xfeeeeee44046c3f61a8cc081e0918ef0de0a7ffc,2026-09-11T21:07:45,selfdestruct_context,0x6aa3f5c7,true
25954358,0x40a6289482b292d2cc7661b8683a040ce8fc4292f195de48270da4d41baf127b,0x2ce910fbba65b454bbaf6a18c952a70f3bcd8299,0x3154cf16ccdb4c6d922629664174b904d80f2c35,2026-09-11T21:07:45,dense_internal_fund_flow;complex_trace,0xe11013dd,true
25954358,0xca8a89380479e5bc3adaeccc0f0f1d6bc0029dc1f822b65979c5330b44cf6211,0xdadb0d80178819f2319190d340ce9a924f783711,0xfeeeeee44046c3f61a8cc081e0918ef0de0a7ffc,2026-09-11T21:08:16,selfdestruct_context,0x6aa3fd17,true
25954358,0xcb92142eb67668079340375b29e244d4efdd09adb9cf7dec7b23febf9d9abc03,0xdadb0d80178819f2319190d340ce9a924f783711,0xfeeeeee44046c3f61a8cc081e0918ef0de0a7ffc,2026-09-11T21:08:47,selfdestruct_context,0x6aa3fd17,true
25954359,0x13cd81e34aa2df1779587742cd39f4b21fe26d4518d9c905e5fb854aa718bf0c,0xe20446cccbfd5f9038e747f1dea8016ecbd94ae5,0x442be06bb5d13711a22ccd3fa382b72a874c5135,2026-09-11T21:08:58,privileged_execution_context;complex_trace,0xf7b5c341,false
25954359,0x3430877348558385b891e9976d7b66b104fc3350e939dee5b17044ed1b4cbe9a,0x1504a16d6a9e071862ffe41ba501b1522c3fdd6e,0x6131b5fae19ea4f9d964eac0408e4408b66337b5,2026-09-11T21:08:58,dense_internal_fund_flow;complex_trace;high_gas_used_context;token_activity_burst,0xe21fd0e9,true
25954359,0x42c3295378b9fd142b3687adc53fb00337915b702b85027f81a22c6bca3c4dca,0xc6acbee42e9e323140c1ed060c2f6ea9cc3b4b75,0x7c5a71c9fefbc7691f9d4ac7baf70c743792f716,2026-09-11T21:08:58,selfdestruct_context,0xf3fef3a3,false
25954359,0x5cbc29a1fee6850db480be050286cca093fb17e19bd3f9478c61f4be590c8b3c,0x4838b106fce9647bdf1e7877bf73ce8b0bad5f97,0xfeeeeee44046c3f61a8cc081e0918ef0de0a7ffc,2026-09-11T21:08:58,selfdestruct_context,0x6aa3fd23,true
25954359,0x679c3fc8ac44d440c502513781a0e807398be1ad3aadb9caec652fde06eb402e,0x58192af64da5473d15d275d1086447f39cd3f392,0x666fedd4cdd4e890a5ad20e7b60975409435a64a,2026-09-11T21:08:58,dense_internal_fund_flow;large_erc20_asset_flow;complex_trace,0x1fff991f,true
25954359,0x7bd95f4d540603e37fad69e298e1b5005f1ce08a40bea4cf93364a31e16859f1,0x3b25d8e0801df1264a3d3a5f0bb79bbc292a09fb,0x50d3865a63d52c0a54e4679949647ea752107390,2026-09-11T21:08:58,large_erc20_asset_flow;complex_trace,0x00000000,true
25954359,0xa1702e91a62503cdd47ed249a75f49979b14828697c4ae3dea0ff1b7b86da535,0x963737c550e70ffe4d59464542a28604edb2ef9a,0xa3222357a0eccf60c73606170be6c99adecb59b3,2026-09-11T21:08:58,large_erc20_asset_flow,0x0007e964,true
25954359,0xd1d3d87635573d89fd65c1b4809ede4bdf4e54a52813906ef5ca29d0ec750e05,0x9df8f5f9255433afa0e885ccf5a39eb8b18905a1,0xee030ec6f4307411607e55acd08e628ae6655b86,2026-09-11T21:08:58,dense_internal_fund_flow;complex_trace,0x6e1537da,true
25954359,0xe0c1a1beb06f6933fe4fe2145d9d7f61ca8ee418c6426d57dc788d9561da085c,0x4838b106fce9647bdf1e7877bf73ce8b0bad5f97,0xfeeeeee44046c3f61a8cc081e0918ef0de0a7ffc,2026-09-11T21:08:58,selfdestruct_context,0x6aa3fd23,true
25954359,0xf5cdf5c0dc46528e51ec5e51ce71935e43a62781d0bce66800f730235090f016,0x23ba2ede61a57bed74c36c35684a8efaff3ab353,0xd523794c879d9ec028960a231f866758e405be34,2026-09-11T21:08:58,dense_internal_fund_flow;complex_trace,0x76ec871c,true
25954359,0xffcc343170aa386d3647f227bdf29a423e8a29eac9e3579f68fcf1cf207ad207,0x5b43453fce04b92e190f391a83136bfbecedefd1,0xbdb3ba9ffe392549e1f8658dd2630c141fdf47b6,2026-09-11T21:08:58,large_erc20_asset_flow;complex_trace;high_gas_used_context;token_activity_burst,0x000000c3,true
25954360,0x5df329182f992ad77e4d555f2f91881eda331347ffb85a086e4b6d51bb8f2b45,0x868f668661a43f0b300664ddbed0fd7e5a337a31,0xb82aac6aecc9a8edf12345a3b1ec874575da97d4,2026-09-11T21:09:50,large_erc20_asset_flow;complex_trace,0x00000000,true
25954360,0x64ef64b87c34ad2f7284f6d6e9e1960b4d449a09a1c501fa7dbd5ea889c62e80,0xf54f7737858674ec28dd129e7f1284165cc46ef8,0xb83e2c20237c3e3b4eaac4464af06d06218c3af1,2026-09-11T21:09:50,large_erc20_asset_flow;complex_trace,0xc46b30bc,true
25954360,0xf5a7b2ee4825489aecf01441449790815c2deacb1d2afa24f4e2ec138d049b0e,0x09d1fe7fd83e612d87450459098d8341c3f8a36f,0x950fd558f47e234a2fde23b7d61f7ccdbcb4a86f,2026-09-11T21:09:50,dense_internal_fund_flow;large_erc20_asset_flow;complex_trace,0xdd225095,true
25954360,0xd2ff527b99556d52320c2e29fd16caeed3a0fbf9457a40adbe36d8aa7313f8dd,0x754dcfb2861547015b221e963b4133a71dbdc024,0x337685fdab40d39bd02028545a4ffa7d287cc3e2,2026-09-11T21:09:51,large_erc20_asset_flow,0xe4269fc4,true
25954360,0xe05db7465e300e42d5f0695f17f650fa8672ae46f69e14f4f227590fb66d3c79,0x396343362be2a4da1ce0c1c210945346fb82aa49,0xfeeeeee44046c3f61a8cc081e0918ef0de0a7ffc,2026-09-11T21:09:51,selfdestruct_context,0x6aa3fd2f,true
25954360,0xec9cb287bd82f6105e97ca4030a4713390bcc412f6780315c2ac0290149289de,0x396343362be2a4da1ce0c1c210945346fb82aa49,0xfeeeeee44046c3f61a8cc081e0918ef0de0a7ffc,2026-09-11T21:09:51,selfdestruct_context,0x6aa3fd2f,true
25954360,0xee0935b8d837f333035577c30e39a1b9efc59e87d7b49e8a7d9bb734be084bd4,0x396343362be2a4da1ce0c1c210945346fb82aa49,0xfeeeeee44046c3f61a8cc081e0918ef0de0a7ffc,2026-09-11T21:09:51,selfdestruct_context,0x6aa3fd2f,true
25954361,0xdb9f2b1524a8d30b7651024cde4037c15e90b2dd3df157cc2d58743e36fa264e,0x5b43453fce04b92e190f391a83136bfbecedefd1,0xbdb3ba9ffe392549e1f8658dd2630c141fdf47b6,2026-09-11T21:09:54,large_erc20_asset_flow;complex_trace;token_activity_burst,0x000000c3,true
25954361,0x72045cfe0cbc64839846cda6a9f90b37d3de563b11fb929e2f6538f1920855d5,0x5aff6821000bc0b4daf319ffd43b617081600e71,0xec2bfda1cf9b5306964aeab9d4175928ee965aa0,2026-09-11T21:09:58,large_erc20_asset_flow;complex_trace;high_gas_used_context;token_activity_burst;approval_burst,0xd69e2fe8,true
25954361,0x2ddcc669b094397a4450193002beda0b8052ef60063c2b14eec826adef7c3a28,0x23f710cb0bbc514bf25246e4bf26ce6e5a424699,0x66943aaa1d0509062e0a4ee22dc1be9a309ba989,2026-09-11T21:09:59,dense_internal_fund_flow;large_erc20_asset_flow;complex_trace,0x6a761202,true
25954361,0x4388f6c75659c45ca79c6beed6dc7f2b7e5b23d7160140b29f1a33354ac4a364,0x4838b106fce9647bdf1e7877bf73ce8b0bad5f97,0xfeeeeee44046c3f61a8cc081e0918ef0de0a7ffc,2026-09-11T21:09:59,selfdestruct_context,0x6aa3fd3b,true
25954361,0x79bcdadd20b76d1a2668dd48c5637410d49f00b468cdffba94e0bde1b4947c90,0x670bda11b2fad6d84c39c8d48a75f0ae0ef638fd,0xf8b2c637a68cf6a17b1df9f8992eebeff63d2dff,2026-09-11T21:09:59,large_erc20_asset_flow;complex_trace,0xb6f32e03,true
25954361,0x7e0cfb110564e5b15503832488fec9d092c869da16a2a9c90413e0a377c5fb21,0x7830c87c02e56aff27fa8ab1241711331fa86f43,0xa9d1e08c7793af67e9d92fe308d5697fb81d3e43,2026-09-11T21:09:59,dense_internal_fund_flow,0x1a1da075,true
25954362,0x9e7faf3e0ae1910d7620903ca47865f8a1a6061a98fb9da30bfbb9f88b19c030,0x5b43453fce04b92e190f391a83136bfbecedefd1,0xbdb3ba9ffe392549e1f8658dd2630c141fdf47b6,2026-09-11T21:11:01,dense_internal_fund_flow;complex_trace;high_gas_used_context;token_activity_burst,0x000000c3,true
25954362,0x286b99b4b83a3fdc8cd71837badda8c0d4bda155449bafa6bd1245c03768d78d,0x372530502d48209b592facd86d8475e9fab31282,0xbc1d9760bd6ca468ca9fb5ff2cfbeac35d86c973,2026-09-11T21:11:02,dense_internal_fund_flow;large_erc20_asset_flow,0xd984396a,true
25954362,0x3298f8668184f37d89f85a910231a347e2a697dc94126af2ae6f69760f718cc2,0x5032c7b664790b35f6ffca0cfff2cb2f66a925eb,0x0000000000001ff3684f28c67538d4d072c22734,2026-09-11T21:11:02,dense_internal_fund_flow;complex_trace,0x2213bc0b,true
25954362,0xb07aba3a68382793658260c8d04daab93e90db689d7bd76aab33f08720536479,0x922fc2dcf96e7724fa4c23f045ee98d98d251c5a,0xb300000b72deaeb607a12d5f54773d1c19c7028d,2026-09-11T21:11:02,dense_internal_fund_flow,0x810c705b,true
25954362,0x68d1f1ef79d8f2c927bdc31b4798a0080e94bead8edeb51b045735549bb63df2,0x4838b106fce9647bdf1e7877bf73ce8b0bad5f97,0xfeeeeee44046c3f61a8cc081e0918ef0de0a7ffc,2026-09-11T21:11:33,selfdestruct_context,0x6aa3fd47,true
25954363,0xffe37881296d04d1ca7bf3698e11223239bc73053881e9ba2deff20a3d28b0b8,0xdadb0d80178819f2319190d340ce9a924f783711,0xfeeeeee44046c3f61a8cc081e0918ef0de0a7ffc,2026-09-11T21:11:33,selfdestruct_context,0x6aa3fd53,true
25954364,0x030292bc643737ed4df4338237663f0b934693f459ffb8cc53dc4af06af10f16,0x2b3fed49557bd88f78b898684f82fbb355305dbb,0x09c30cdcdd971423cb3ba757a47d56c35d06d818,2026-09-11T21:11:37,dense_internal_fund_flow,0x318adb8b,true
25954364,0x07732639bbf7b1013c39bcec6c8d81a9de6444a88862a6519ea91167971146bc,0x4838b106fce9647bdf1e7877bf73ce8b0bad5f97,0xfeeeeee44046c3f61a8cc081e0918ef0de0a7ffc,2026-09-11T21:11:37,selfdestruct_context,0x6aa3fd5f,true
25954364,0x095b5db25e975545bdb651ac831c754ea23604fddd58f624ddbfe3adfe4e0e7b,0xcb0853da743404e11feb1b2247569f2091e97075,0x888888888889758f76e7103c6cbf23abbf58f946,2026-09-11T21:11:37,large_erc20_asset_flow;complex_trace;token_activity_burst,0xc81f847a,true
25954364,0x0f5ee710b85facad734fde0cc3d0bc2780760c05654a6760e6c6ec89217659c2,0x4838b106fce9647bdf1e7877bf73ce8b0bad5f97,0xfeeeeee44046c3f61a8cc081e0918ef0de0a7ffc,2026-09-11T21:11:37,selfdestruct_context,0x6aa3fd5f,true
25954364,0x1cc099fb3390a2b5a962f3eac81bfa0d5236befe2688abe4207a381e70512bef,0x9ab87804c0b3f8848567f7dad08390119e8bfb5f,0x97caca78ac2a94c67643d07843f85afaa44a3ea5,2026-09-11T21:11:38,dense_internal_fund_flow;complex_trace,0xc02409ba,true
25954364,0x78d5aaa717a4aed87ca39d51c7c34718a4bb1f93037ad1671c12ccef2ba28145,0x7830c87c02e56aff27fa8ab1241711331fa86f43,0xa9d1e08c7793af67e9d92fe308d5697fb81d3e43,2026-09-11T21:11:38,large_erc20_asset_flow,0xca350aa6,true
25954364,0xc293e95cc7e43226d9607d255f5a624f76f248c7f40c31b11241992a1d4fbf2c,0xbfc69d7a7e47ef6ee8b790010b85d525d9829756,0x881d40237659c251811cec9c364ef91dc08d300c,2026-09-11T21:11:38,dense_internal_fund_flow;complex_trace,0x5f575529,true
25954364,0x250b105b5778f0748335461887051a3439f97b2291a568442b5c2a78c9a97c7a,0x4838b106fce9647bdf1e7877bf73ce8b0bad5f97,0xfeeeeee44046c3f61a8cc081e0918ef0de0a7ffc,2026-09-11T21:11:40,selfdestruct_context,0x6aa3fd5f,true
25954364,0x26cbc9f2a85acb24160f2ebd1079d443f92129a962df7080755ca285933152f7,0x1504a16d6a9e071862ffe41ba501b1522c3fdd6e,0xd01607c3c5ecaba394d8be377a08590149325722,2026-09-11T21:11:40,dense_internal_fund_flow;large_erc20_asset_flow;complex_trace,0x80500d20,true
25954365,0xfc787c7abbd2a6b45d03411f8ea617a04f599e16a96f2881cf23db25017bcc67,0x7468c22fa95d2515c9b1006edb61a279dc39cc7d,0x14cfd21d8ec1a4ae6f90950f4669fb966278253b,2026-09-11T21:11:41,large_erc20_asset_flow;complex_trace,0xc46b30bc,true
25954365,0xb014029ecf1868ce10aefc1e1884894dc41c3e1e2c05d91430623cdf423083ff,0x4838b106fce9647bdf1e7877bf73ce8b0bad5f97,0xfeeeeee44046c3f61a8cc081e0918ef0de0a7ffc,2026-09-11T21:11:42,selfdestruct_context,0x6aa3fd6b,true
25954365,0xcdabe77843931db4031a20f8ee3660885ca3001f70d4edb3fd1ea366ff0e3258,0x76c906793bbed48fdeec02f5d7c976c133daadbd,0x8c8ee39660c6d96217a2118557ab294ffe23fde4,2026-09-11T21:11:42,complex_trace;high_gas_used_context,0x0a2a25db,false
25954365,0xfcc5dbf567a4f465cc917dbcf6ab44d9d11e8c984d122f38be35053e4a55e531,0xc6acbee42e9e323140c1ed060c2f6ea9cc3b4b75,0x7c5a71c9fefbc7691f9d4ac7baf70c743792f716,2026-09-11T21:11:42,selfdestruct_context,0xf3fef3a3,true
25954365,0x673bdc685ad8c7da1e7d43c4127cad5be2d7126c1f60ff4f75f1653dab4a331f,0xe430095270ee54cc20379be6c5a8d90a97f12c03,0xf75584ef6673ad213a685a1b58cc0330b8ea22cf,2026-09-11T21:11:44,complex_trace;high_gas_used_context;token_activity_burst;approval_burst,0xb94c3609,false
25954365,0x8016f144d4c79409012cf3b10889e4c1a462c8d7547b3d2ccee081b54ac3b583,0xce54f65abb8b61b83c14cbe97de97fce75bbf556,0x0000000071727de22e5e9d8baf0edac6f37da032,2026-09-11T21:11:44,complex_trace;high_gas_used_context;token_activity_burst,0x765e827f,false
25954365,0xb8290c43bd5353ac1380dd95cd67cd681a3ee30ee65c0ee7877c63b9e0211d2f,0xbe956850e30c75afc9b2dc80b901e3d05223c93b,0x666fedd4cdd4e890a5ad20e7b60975409435a64a,2026-09-11T21:11:44,large_erc20_asset_flow,0x1fff991f,true
25954365,0xec06f0d9845c7c18c7976ded2c81a6d24a1bc608550823d6fe1e85b5e44ded90,0xd0d08887e8a5b16049534a7f3fc1de92848f5bea,0x6131b5fae19ea4f9d964eac0408e4408b66337b5,2026-09-11T21:11:44,large_erc20_asset_flow;complex_trace;high_gas_used_context,0xe21fd0e9,true
25954365,0xca6145d27c9ca5034f6d95bb310043248094381b74ac5583b21474b94a4d131c,0x4838b106fce9647bdf1e7877bf73ce8b0bad5f97,0xfeeeeee44046c3f61a8cc081e0918ef0de0a7ffc,2026-09-11T21:12:43,selfdestruct_context,0x6aa3fd6b,true
25954366,0xe060cf04ccf4931eac577c219e8afff3a58e19432355e03baa035232691b1146,0x7830c87c02e56aff27fa8ab1241711331fa86f43,0xa9d1e08c7793af67e9d92fe308d5697fb81d3e43,2026-09-11T21:12:43,dense_internal_fund_flow,0x1a1da075,true
25954366,0x95e085d9a2cef034fc0313092c16a0b252279abe2485c13eb0edb16cba7128e8,0x7830c87c02e56aff27fa8ab1241711331fa86f43,0xa9d1e08c7793af67e9d92fe308d5697fb81d3e43,2026-09-11T21:12:45,large_erc20_asset_flow;token_activity_burst,0xca350aa6,true
25954366,0xe2f3547974b6bacf96c971e8a000887124e783de02a898467cfc5f4b68a45de4,0xdadb0d80178819f2319190d340ce9a924f783711,0xfeeeeee44046c3f61a8cc081e0918ef0de0a7ffc,2026-09-11T21:12:45,selfdestruct_context,0x6aa3fd77,true
25954367,0x00bd6f2e2e180af0ae1f5bbcb36901cc49f0ca9232604c1edb29ec41c1e4b678,0xeeb0867323be3c06a4f9848ba5ee69883eff004e,0x69460570c93f9de5e2edbc3052bf10125f0ca22d,2026-09-11T21:12:48,dense_internal_fund_flow;complex_trace,0x14d08fca,true
25954367,0x11843f8f2d8f54064a170c5b92c77de50d1c6a765078d28ec307ad813e103c93,0xb8ecfc13524386f021af3e305298f87a3ef53f6b,0xd01607c3c5ecaba394d8be377a08590149325722,2026-09-11T21:12:48,dense_internal_fund_flow;large_erc20_asset_flow;complex_trace,0x80500d20,true
25954367,0x22a019010adc4e70807d766fbb6da3145b9c64fc15ebd27264448e9c42c96897,0xf70da97812cb96acdf810712aa562db8dfa3dbef,0xa2c323fe5a74adffad2bf3e007e36bb029606444,2026-09-11T21:12:48,large_erc20_asset_flow;complex_trace,0xc7c7f5b3,true
25954367,0x3372420ae902a26738cbc57656837ec05b76784503d9bf3b760b974ac7f2f489,0xe20446cccbfd5f9038e747f1dea8016ecbd94ae5,0x442be06bb5d13711a22ccd3fa382b72a874c5135,2026-09-11T21:12:48,privileged_execution_context;complex_trace,0xf7b5c341,false
25954367,0xc6db6de78367addd422aad15a01da0f3304f098c66d7c22fca56b00cdd75147b,0xf2fab860188876df18b644b4005becad7f523c8f,0x9f951a4a3f82d14d7f5e452afa64afe739512730,2026-09-11T21:12:48,dense_internal_fund_flow;complex_trace,0x2226ea1f,true
25954367,0xc718596f09cd9c12c57e49ea37695da2592cbb5cddaacf78cd2b4da3cf14480c,0x58192af64da5473d15d275d1086447f39cd3f392,0x4025ee6512dbbda97049bcf5aa5d38c54af6be8a,2026-09-11T21:12:48,dense_internal_fund_flow,0xe4899c13,true
25954367,0xcb20ddaa602e64f13e3418721f3a88804578a3015615762fccbc96172351905a,0x1504a16d6a9e071862ffe41ba501b1522c3fdd6e,0x6131b5fae19ea4f9d964eac0408e4408b66337b5,2026-09-11T21:12:48,dense_internal_fund_flow;complex_trace;high_gas_used_context;token_activity_burst,0xe21fd0e9,true
25954367,0x5d1c887d4224786c8e1e6eadcf27e19c21a1c8ef18a01400ddb7d06a1d5f8a6f,0x4838b106fce9647bdf1e7877bf73ce8b0bad5f97,0xfeeeeee44046c3f61a8cc081e0918ef0de0a7ffc,2026-09-11T21:13:18,selfdestruct_context,0x6aa3fd83,true
25954367,0xe3985168117a24a951085e93c1e9796e721a810759b9ebaf39c0f0abe9ec681d,0xd0d08887e8a5b16049534a7f3fc1de92848f5bea,0x147bde4f997f0d4c7544ed0c55eacf1e5e6bf9c4,2026-09-11T21:13:18,large_erc20_asset_flow;complex_trace,0xc7c7f5b3,true
25954367,0xeb45a8ca6f3a49fbc5fb922951d4fa31806715fbe08763fc5858f495f4160d84,0x4337009be43c7ecc9bfbde0f1780553aa065187e,0x0000000071727de22e5e9d8baf0edac6f37da032,2026-09-11T21:13:18,large_erc20_asset_flow,0x765e827f,true
25954367,0xf242b63dff32a48a569a72ede4f16d4d3d83ebbd419afece8e624efffc6ac49b,0x4337015333e7c8a3c5af4acd2c4aa4befb0d663c,0x0000000071727de22e5e9d8baf0edac6f37da032,2026-09-11T21:13:18,privileged_execution_context;complex_trace,0x765e827f,false
25954368,0x6954325e6e8157f9a8fa736befa95e3202690ccdbf65d46c8da7c0346cdc0bb3,0x85c2e985a4fb5c3ff25ee27ee424abd851e4cb33,0xfeeeeee44046c3f61a8cc081e0918ef0de0a7ffc,2026-09-11T21:13:22,selfdestruct_context,0x6aa3fd8f,true
25954368,0xa542b29193074c5326347eb655b779ee7e66d6a7e4f7c743e1ae72f65f88adc7,0x18dd7e31972192a9d80ba43abf8cf9704b553c70,0x1231deb6f5749ef6ce6943a275a1d3e7486f4eae,2026-09-11T21:13:22,dense_internal_fund_flow,0x1794958f,true
25954369,0x227b51b88309f08afc0dbb460342fb0f21ecad8a01d10f6acbb7386516e0b81a,0xe2645a692574855b5f4351d8e5e7b1e035ab6270,0xa60ded4c899e7560dc4ca56b57fbab25c90addeb,2026-09-11T21:14:27,complex_trace;high_gas_used_context;token_activity_burst,0x9008d19f,true
25954369,0x43353f80056757b5ec1c71996d59c97a8db7c194245dd2b98c0be4b55270579b,0xe8c29fe04f132ac61c4382f3599fae70b7bffc1d,0x6131b5fae19ea4f9d964eac0408e4408b66337b5,2026-09-11T21:14:27,large_erc20_asset_flow;complex_trace,0xe21fd0e9,true
25954369,0x9493826caa7b259c66a4f4358eb49cb2cd2010838f29f5ceee0dc69376fbc438,0x44c82101639a0ffc845d80507065fb02157b6bdd,0xa60ded4c899e7560dc4ca56b57fbab25c90addeb,2026-09-11T21:14:27,complex_trace;high_gas_used_context,0x9008d19f,false
25954369,0xa8cf039c97fffb5f0b8bbd438d7953aabe943bda46b0bae47b1908e6abab6074,0xa8e09261b5612f7f103a9bb3ab4c072a9b2676f9,0x8feab81d36e7576107d5de0758c1b839be31b4f6,2026-09-11T21:14:27,dense_internal_fund_flow;complex_trace,0x0c307f76,true
25954369,0xb317128b98d39ea155a3207f6fce1076c02ea6c40c8ae3e78ea7f3c3266e5957,0x3f45784793eb817e4b9db8c087d902dd70f492a5,0xa60ded4c899e7560dc4ca56b57fbab25c90addeb,2026-09-11T21:14:27,complex_trace;high_gas_used_context,0x9008d19f,false
25954369,0xea9e73089c16394d3a16e4c18b83bf87375c7e1dee9fad9e41e1863549a5c56a,0x4337001fff419768e088ce247456c1b892888084,0x0000000071727de22e5e9d8baf0edac6f37da032,2026-09-11T21:14:27,large_erc20_asset_flow,0x765e827f,true
25954369,0x00ee7861b8e49825d7b559b3ca71ab7b8429d2211322c30b5491c8a07a7e932f,0x396343362be2a4da1ce0c1c210945346fb82aa49,0xfeeeeee44046c3f61a8cc081e0918ef0de0a7ffc,2026-09-11T21:14:28,selfdestruct_context,0x6aa3fd9b,true
25954369,0x30f7973f2b6d69cc7397a0e18835d8f74f3ad7bf4929b3ceb8cb3bc15466faba,0xb82c61e4a4b4e5524376bc54013a154b2e55c5c8,0xf4e147db314947fc1275a8cbb6cde48c510cd8cf,2026-09-11T21:14:28,privileged_execution_context,0x760d0f9d,false
25954369,0xfd02ff6d84665dc106ff8d02314740e6266cf8d45f8ae803ae5328d35c04fac2,0x396343362be2a4da1ce0c1c210945346fb82aa49,0xfeeeeee44046c3f61a8cc081e0918ef0de0a7ffc,2026-09-11T21:14:28,selfdestruct_context,0x6aa3fd9b,true
25954370,0xa0db87ab2f37c74e4799233bd552178bf01999c3150802d6d815e2ea6ddb7e48,0x4838b106fce9647bdf1e7877bf73ce8b0bad5f97,0xfeeeeee44046c3f61a8cc081e0918ef0de0a7ffc,2026-09-11T21:14:31,selfdestruct_context,0x6aa3fda7,true
25954370,0xb05656c59f23ead7eec145a822057cae618fad7daefe43ca2c30baa90c43fe95,0xb8ecfc13524386f021af3e305298f87a3ef53f6b,0x4c82d1fbfe28c977cbb58d8c7ff8fcf9f70a2cca,2026-09-11T21:14:31,dense_internal_fund_flow;large_erc20_asset_flow,0x3593564c,true
25954370,0xbbad8c7b23e70acb1ad3e624f688324721204aac21b008318b27d7721b7c8030,0x464dface7e3493a44e4bd940b884ebe0b1298247,0x337685fdab40d39bd02028545a4ffa7d287cc3e2,2026-09-11T21:14:31,dense_internal_fund_flow;complex_trace,0x30dedc57,true
25954371,0xa2638635fb3751a0c4e460e5f6de6579b86de7f7cb5231d13715161ed3086b90,0x7830c87c02e56aff27fa8ab1241711331fa86f43,0xa9d1e08c7793af67e9d92fe308d5697fb81d3e43,2026-09-11T21:14:33,large_erc20_asset_flow,0xca350aa6,true
25954371,0xd26ca21b76426e6f86afa003f8decd590aae106d033a37787d84717dfe225fb1,0x5b43453fce04b92e190f391a83136bfbecedefd1,0xbdb3ba9ffe392549e1f8658dd2630c141fdf47b6,2026-09-11T21:14:33,dense_internal_fund_flow;large_erc20_asset_flow,0x000000c3,true
25954371,0x3ed7d3379b828cd0e44711f8602414a6af41bdfff423c9b5c0f203faf6dde7b7,0x4838b106fce9647bdf1e7877bf73ce8b0bad5f97,0xfeeeeee44046c3f61a8cc081e0918ef0de0a7ffc,2026-09-11T21:14:35,selfdestruct_context,0x6aa3fdb3,true
25954371,0x7895cb3bf5bb700f3d4741aeb7ec3fe5cc7b5b8c0b6d2c0c6940ebc154ca068c,0x2476f1712ed6077197bf5b0fe8e60d7753f5b1ed,0xa8c1c98aaf99a5dfc907d61b892b2ad624901185,2026-09-11T21:14:35,large_erc20_asset_flow,0x0970a5a0,true
