block_num,tx_hash,from,to,detect_time,attack_signals,selector,has_asset_impact
26103629,0x48282be6d2e91e910b51821779421b4fa9d7be0948e4f93f8164ae3720ced86d,0x8567b56b8f4d8faf369990cb060c7a9d164d377d,0x1f86cb1c5d1c97fb292defbe983aa830a7559b31,2026-10-02T17:30:18,complex_trace;high_gas_used_context,0x90c12262,false
26103629,0xa78375f5433612ecd5530af2088c31534da21fea803d34e399ff17e9a21da2bc,0x4838b106fce9647bdf1e7877bf73ce8b0bad5f97,0xfeeeeee44046c3f61a8cc081e0918ef0de0a7ffc,2026-10-02T17:30:18,selfdestruct_context,0x6abf73bb,true
26103629,0xd47f8c6894adf03dd9afad92d831694a40f3d11994607650a3b9e6e1b7ed9217,0xada5bb90d0de0bd1b6f3938708f49295a8d1f7cb,0xccc88a9d1b4ed6b0eaba998850414b24f1c315be,2026-10-02T17:30:18,complex_trace;high_gas_used_context,0x0a2b8f36,false
26103629,0xeec0584f841e6192c1e99bf6561ec390f0fee689c2e43b5cd59c13ce08de41d0,0x1a2856919c3db4c98867b32af50a615540d7e608,0xb92fe925dc43a0ecde6c8b1a2709c170ec4fff4f,2026-10-02T17:30:18,dense_internal_fund_flow;complex_trace,0xcd6e13f7,true
26103630,0xbb80d577b42fe5eaf97759df30c8d78f3154fa14622ecd9c82d01fecb0cb3edf,0x5ecd326fa5eb9026698d3453f25524b9709743ab,,2026-10-02T17:30:19,large_mint_to_sender;contract_creation_context,0x60806040,true
26103630,0x016022d7a141341e4394129a8757eda4cdcbe1428399e00aab6dd0213fcfab0f,0x883a95fdf8df78e7128fced0e9d931a687ff542f,0x4ebc36dcee3ca916ff4157b51c2a16105a3774b5,2026-10-02T17:31:21,complex_trace;high_gas_used_context,0x1749e1e3,false
26103630,0x789c449a18c477c4ea49450054d58ddcfc74cfd82b4eb1a6e7f75c9f061ae59c,0x396343362be2a4da1ce0c1c210945346fb82aa49,0xfeeeeee44046c3f61a8cc081e0918ef0de0a7ffc,2026-10-02T17:31:21,selfdestruct_context,0x6abf73c7,true
26103630,0xe860fbf3cb1c60ff2d217111fd53459346573aeb2fd8c7ed2d74f48d81f74fb5,0x396343362be2a4da1ce0c1c210945346fb82aa49,0xfeeeeee44046c3f61a8cc081e0918ef0de0a7ffc,2026-10-02T17:31:21,selfdestruct_context,0x6abf73c7,true
26103631,0x8efb661c2f1e26776e164f4760003097fe2f6e34cb45678984f2a2542d10521d,0x4588dd854bd3669eec1433f9a36f19a4f68b1548,0xe9236c2de544076f974b402c8b6f26058449d745,2026-10-02T17:31:53,complex_trace;high_gas_used_context;token_activity_burst,0xa9059cbb,false
26103631,0x95f0ffc980ab648a7056e97747aa384065f94955e4a978a999034e7b404ebb8a,0x4838b106fce9647bdf1e7877bf73ce8b0bad5f97,0xfeeeeee44046c3f61a8cc081e0918ef0de0a7ffc,2026-10-02T17:31:53,selfdestruct_context,0x6abf73d3,true
26103631,0xc213471be40fcfbadf8b98155a00df6f26197aed216a34cd7faa6d8d40016d33,0x883a95fdf8df78e7128fced0e9d931a687ff542f,0x4ebc36dcee3ca916ff4157b51c2a16105a3774b5,2026-10-02T17:31:53,complex_trace;high_gas_used_context,0x1749e1e3,false
26103631,0xce98e34901efc5e4c4919d742ffadac85b669cf28392b4571abd5c8ce8ce7eda,0x941f292540ba8dded3edd9271d6edf1a02395424,0xca11bde05977b3631167028862be2a173976ca11,2026-10-02T17:31:53,complex_trace;high_gas_used_context;token_activity_burst,0x252dba42,false
26103632,0x1f521fbf68b75e6975d1905ba5542379264d0fa33164ec5ed1b2a4a7a8765620,0xbe0b407782a7599380fa726db315340126d62229,0x4d2fb5f8ec243fde4df1a9678b82238570c7e0e4,2026-10-02T17:32:26,repeated_internal_token_drain;dense_internal_fund_flow;very_complex_trace;high_gas_used_context;token_activity_burst;repeated_risky_internal_calls,0x6a761202,true
26103632,0x6f2873c0ae1d499171b100cb52f39ff6e988af6450f29b9e86d39a4ece45ae7d,0x0c149972de7579b36e8a44d59dafac109965abde,0xb300000b72deaeb607a12d5f54773d1c19c7028d,2026-10-02T17:32:26,dense_internal_fund_flow;complex_trace,0x810c705b,true
26103632,0x818a8a44806783d4187a6f0b391888439a5b36022e30b95f4902ef2adf4d446f,0x8b4928f3a8cf4a762399202956146ccb3fec88c2,0x6b78cfa987dd3e950ab723decf5315314be2ce33,2026-10-02T17:32:57,dense_internal_fund_flow;token_activity_burst,0xa9059cbb,true
26103632,0x9dbf050623f6611111c9c068d84234d09b1160496ee6bafc03cf2a86be8c77a2,0xdadb0d80178819f2319190d340ce9a924f783711,0xfeeeeee44046c3f61a8cc081e0918ef0de0a7ffc,2026-10-02T17:32:58,selfdestruct_context,0x6abf73df,true
26103632,0xea44b80675ecd7fe5da608ab0240f74547e43ce32f8fed776a92a81f19c56076,0xdadb0d80178819f2319190d340ce9a924f783711,0xfeeeeee44046c3f61a8cc081e0918ef0de0a7ffc,2026-10-02T17:32:58,selfdestruct_context,0x6abf73df,true
26103633,0x095415a6204a2604167d41689c6c2c0cd1997d0b5449837def461375c86cf09c,0xfb74767c1ce1aada0a0e114441173b57f8c1571b,0xfeeeeee44046c3f61a8cc081e0918ef0de0a7ffc,2026-10-02T17:33:00,selfdestruct_context,0x6abf73eb,true
26103633,0x668b1a023a4e82e7776dc0687ff318a8c19ab34e0bb6daeca9c56d911c044c98,0xfb74767c1ce1aada0a0e114441173b57f8c1571b,0xfeeeeee44046c3f61a8cc081e0918ef0de0a7ffc,2026-10-02T17:33:00,selfdestruct_context,0x6abf73eb,true
26103633,0xd8c682e067c934e3b5260f6626c35a5f91134b7fa100fb07a4582e44baa80b6d,0xfb74767c1ce1aada0a0e114441173b57f8c1571b,0xfeeeeee44046c3f61a8cc081e0918ef0de0a7ffc,2026-10-02T17:33:00,selfdestruct_context,0x6abf73eb,true
26103633,0xe1402cf8fb8b5fdae96e56e851666668e423a28b98030964981868972e24e267,0xeb73e55348ec9c1caf94c6dc519160af92769a39,0xf4e147db314947fc1275a8cbb6cde48c510cd8cf,2026-10-02T17:33:00,privileged_execution_context,0x760d0f9d,false
26103634,0x0546efce56a8e44d7dfa5a55f5a7387fe47b55bbe666edbd600df73b7e384af5,0x7202932b3be70edf0657d5bada261d610e0d7db9,0x0000000071727de22e5e9d8baf0edac6f37da032,2026-10-02T17:33:03,privileged_execution_context;complex_trace,0x765e827f,false
26103634,0x57437d7546505bb521a6ffb9fc4861728c69ebbe945feda287d1136cf9b74acf,0x4838b106fce9647bdf1e7877bf73ce8b0bad5f97,0xfeeeeee44046c3f61a8cc081e0918ef0de0a7ffc,2026-10-02T17:33:03,selfdestruct_context,0x6abf73f7,true
26103634,0xb4f7bdc7243cf3e27d4fe5abcb5411c62f2f653284f1b8ae2479256868700770,0x9d75fd289373623060a63ea49820f3f684acd986,0x994e384bec97bc76ac5295ceb332628bae78b454,2026-10-02T17:33:03,dense_internal_fund_flow;complex_trace,0x9265bb9d,true
26103634,0xd76910266739c10a68d7fad4205126571ccb616b0a80d35186b16c8b800e8caa,0xf735e5ec4eb9577774afe28a94816d351d467d16,0xf176a649801ea9fd073c4f46dd7fe15083baf97d,2026-10-02T17:33:03,privileged_execution_context;complex_trace;high_gas_used_context,0x6a761202,false
26103634,0xde498ef3ec06ade2905598c3207cfc3f37f326075c457e7db3e26d1063320f0c,0x59aab1bd0d26290274398c07b55955c15425e16b,0x00fe78205f5f0e63b8ad2b2ae5337f538a610e04,2026-10-02T17:33:03,complex_trace;high_gas_used_context;token_activity_burst,0x34fcd5be,false
26103635,0xb945607e9768850595550b81e78f98e30d6030eb9d46aea1d169d471c7a2c15d,0x4373a0e5f3e6243008c8b3484a01c03696d353ea,0x6b78cfa987dd3e950ab723decf5315314be2ce33,2026-10-02T17:33:36,dense_internal_fund_flow;token_activity_burst,0xa9059cbb,true
26103635,0xfdb3ed8417793a56fa6cff56b9eaf07d09b7007f4c6d57e34303bd8998f40e11,0x0bb46bcb02a1965ea78c0d6aaa27ddf0f3b06b1e,0x6b78cfa987dd3e950ab723decf5315314be2ce33,2026-10-02T17:33:36,dense_internal_fund_flow;token_activity_burst,0xa9059cbb,true
26103635,0x448e704d7dfaa6d0e72c4f7eee1ebbc66d457677cefbbacb9aa144936a0e7afd,0xfb74767c1ce1aada0a0e114441173b57f8c1571b,0xfeeeeee44046c3f61a8cc081e0918ef0de0a7ffc,2026-10-02T17:34:38,selfdestruct_context,0x6abf7403,true
26103635,0x77deb6cac0643f075017101821779f1c7970c999a4924b04a096ca7d2fe27ed0,0xfb74767c1ce1aada0a0e114441173b57f8c1571b,0xfeeeeee44046c3f61a8cc081e0918ef0de0a7ffc,2026-10-02T17:34:38,selfdestruct_context,0x6abf7403,true
26103635,0x96e500b1e0f7e8a3bc476c5c594264f0df1e351f964fcec7e5864a46c05e9175,0xfb74767c1ce1aada0a0e114441173b57f8c1571b,0xfeeeeee44046c3f61a8cc081e0918ef0de0a7ffc,2026-10-02T17:34:38,selfdestruct_context,0x6abf7403,true
26103635,0xb6a676d3568ec60d2b5a890e7aea12f88dff2a1e26637415bf7f6b222d54393c,0xfb74767c1ce1aada0a0e114441173b57f8c1571b,0xfeeeeee44046c3f61a8cc081e0918ef0de0a7ffc,2026-10-02T17:34:38,selfdestruct_context,0x6abf7403,true
26103636,0x8b243160afed41ea5e52feafa858797c272832b5cdaa91841deca82b8044fbee,0xc357434968bf6cce2082aade8253a04356eb5e3d,0x0000000055ec25287227aa8693471ee5f89221be,2026-10-02T17:34:39,complex_trace;high_gas_used_context,0x66f8ff62,false
26103636,0x9764054fceabe24b6ff52fc17243cefee8384d49b698d8c0c7b32af65c0f0a2a,0x76f606d4416f86f636068136ac7980e7802c17df,0xe4ecbade796c6d3c86efdc7cea6814cb0dee56c2,2026-10-02T17:34:39,complex_trace;high_gas_used_context;token_activity_burst,0x8863c721,false
26103636,0x4d1e68c4c1ac5985fda5c9e3fa96f7f1ebaa919c6e17529580b07d5d5bb25d0d,0x4838b106fce9647bdf1e7877bf73ce8b0bad5f97,0xfeeeeee44046c3f61a8cc081e0918ef0de0a7ffc,2026-10-02T17:34:40,selfdestruct_context,0x6abf740f,true
26103637,0x3eb1457edb87e244b45e350e74c4a8ed67b0d2f7e09a7bbcce32a7295b25a97c,0x18dd3c14e34c1bc379f7538068c59160d9f68e25,0xb92fe925dc43a0ecde6c8b1a2709c170ec4fff4f,2026-10-02T17:34:41,dense_internal_fund_flow,0xcd6e13f7,true
26103637,0xb6a1940b3877da3ae2c427fe12857341f8c1e80b275075ada8abe82fa0aae223,0x5b43453fce04b92e190f391a83136bfbecedefd1,0xbdb3ba9ffe392549e1f8658dd2630c141fdf47b6,2026-10-02T17:34:41,complex_trace;token_activity_burst,0x000000c3,false
26103637,0x970abd9589106bed59ff0216303c819e2d2e204bb56e64190825a164b3b875ce,0xb08b2c3099193bcf05f742ccb7f206635fe243b3,0x91ff8bbd8ebb07893010d50a48a1609e5ebd8e34,2026-10-02T17:34:42,complex_trace;high_gas_used_context,0x069d1525,false
26103637,0xab889f5ffb718b40d61439d049428b0cafb4b94d04d9938fd6af97131888e97e,0x4838b106fce9647bdf1e7877bf73ce8b0bad5f97,0xfeeeeee44046c3f61a8cc081e0918ef0de0a7ffc,2026-10-02T17:34:42,selfdestruct_context,0x6abf741b,true
26103638,0x1ac18ed578ac48fa38fd393d33c1ea5af56c799a444c8abb8a2c330075e18a02,0x84b3ccc25b59dc99e341e17149f41661e95fc7af,0x8f5835e9d756c9bd934bce527157a4b0ef3c5cb7,2026-10-02T17:35:44,dense_internal_fund_flow,0x4a7cf362,true
26103638,0x3615b039a7bcfb4b0993650507481dd7f70baf7e1ba48738f0af50c3cac2711e,0x4838b106fce9647bdf1e7877bf73ce8b0bad5f97,0xfeeeeee44046c3f61a8cc081e0918ef0de0a7ffc,2026-10-02T17:35:44,selfdestruct_context,0x6abf7427,true
26103638,0xf9d8e799b398eadd393bbafdfba032ec2975229c802af981f0ea24700b2740b3,0x3989a4694710b3f7b0f50bf1f59a3b7dd52c8b5f,0x88649f4743a758171077b98ee2003f1989b1615a,2026-10-02T17:35:44,complex_trace;high_gas_used_context,0x3271ba8d,false
26103639,0x5ea3d8736cea8f3dd4b2b72b3c3cd592db406020a4a0556f807622f6ef5ef269,0xfb74767c1ce1aada0a0e114441173b57f8c1571b,0xfeeeeee44046c3f61a8cc081e0918ef0de0a7ffc,2026-10-02T17:35:46,selfdestruct_context,0x6abf7433,true
26103639,0x891e57777249bdc636fe980c9a29862f6fd36f6dd3385d7cb43f287f955f98c1,0xfb74767c1ce1aada0a0e114441173b57f8c1571b,0xfeeeeee44046c3f61a8cc081e0918ef0de0a7ffc,2026-10-02T17:35:46,selfdestruct_context,0x6abf7433,true
26103639,0xb60ead2a3977ac0e39916f22250481b390eb9545fa977665e8b97ab090e9d96b,0xb2860e52a68c01a31aa03810208b069d72359563,0x91ff8bbd8ebb07893010d50a48a1609e5ebd8e34,2026-10-02T17:35:46,complex_trace;high_gas_used_context,0x069d1525,false
26103640,0x13eb47f5a87bfba84d7b5ed8a517d84e988f7cb27b2e7b19276c82a98fecf27f,0x31be758983fbe7df6f93c5331655c8ae8971cc9d,0x337685fdab40d39bd02028545a4ffa7d287cc3e2,2026-10-02T17:35:50,dense_internal_fund_flow;complex_trace,0xfa74fd43,true
26103640,0x2ae233ce8d0a6061ef358e75d65b95b8975daff7350517e3ace702fbb15dac4d,0x4838b106fce9647bdf1e7877bf73ce8b0bad5f97,0xfeeeeee44046c3f61a8cc081e0918ef0de0a7ffc,2026-10-02T17:35:50,selfdestruct_context,0x6abf743f,true
26103640,0x64201c6caf129e5e614abcb94ddce5edf9e6fa384e8870883ef19e9a52b3f483,0x00ae3b7e535d6e003132bf0000000000005d5e03,0x00acd5005200e7009beb000000e35e1e002b5565,2026-10-02T17:35:50,complex_trace;high_gas_used_context;token_activity_burst;approval_burst,0x0101c02a,false
26103640,0x7858524f201d01ed7522d5658179eee79040a44b20bd6b21b6279adab5b75579,0xc2c0e803a9558887ff79936523c8f74c46bd681b,0x0de8bf93da2f7eecb3d9169422413a9bef4ef628,2026-10-02T17:35:50,dense_internal_fund_flow;large_mint_to_sender;very_complex_trace;high_gas_used_context;token_activity_burst,0xc2580804,true
26103640,0x7e728eab7ddaa98c3892800678c3e909e5845afc7d1a4fe732e74765178d035c,0x5b43453fce04b92e190f391a83136bfbecedefd1,0xbdb3ba9ffe392549e1f8658dd2630c141fdf47b6,2026-10-02T17:35:50,complex_trace;high_gas_used_context;token_activity_burst,0x000000c3,false
26103640,0xaeb45062d473dd40a23144937954811e64e8765b0b9b0554c4019a28604e5c5b,0x7202932b3be70edf0657d5bada261d610e0d7db9,0x0000000071727de22e5e9d8baf0edac6f37da032,2026-10-02T17:35:50,privileged_execution_context;complex_trace,0x765e827f,false
26103640,0xfcf4208af0ec5f7845397d3ffa2a45fce331a4300b512edc5aa6f9308f6427d0,0x4838b106fce9647bdf1e7877bf73ce8b0bad5f97,0xfeeeeee44046c3f61a8cc081e0918ef0de0a7ffc,2026-10-02T17:35:50,selfdestruct_context,0x6abf743f,true
26103641,0x34079a50d1069e70206cf49ca54547b4aa97f8574d6f9cae32e7f6e2603269ad,0x03392600086874456e08d2bac104380bcdebcfc0,0xd90e2f925da726b50c4ed8d0fb90ad053324f31b,2026-10-02T17:36:57,dense_internal_fund_flow;complex_trace,0xb438689f,true
26103641,0x6c9790ea0de3427c076447121f3895bba96c6798585f76a6156e089d919142e6,0x3afccb058c9e51c5fa254a4b09966fbb2c169891,0xb300000b72deaeb607a12d5f54773d1c19c7028d,2026-10-02T17:36:57,dense_internal_fund_flow,0x810c705b,true
26103641,0x980eb4790668cef68ab02f5ad22d47ac20a8094db90978d3096889901e95f1d3,0x9955b74506ce384d7f942b5f33dd826e8f79bee0,0x23617e59a5925b2a4bf75d73ff6711cd0b29de85,2026-10-02T17:36:57,dense_internal_fund_flow;complex_trace,0x3593564c,true
26103641,0xa2c14692f71d5de3307e40a383443906468d81ab433379d7fe2dd7f327a5c806,0x604bfcdb18a132e3ccd9452e68279c4bf8ab0499,0x6dd1ad99c9f93beb6e3a9ddfa6fbe4827809300e,2026-10-02T17:36:57,selfdestruct_context,0xf3fef3a3,false
26103641,0xdaf6b91328efbe78b3ea63f8f61830f2f8b3866949b9a258564be0d56f3f9a6e,0x00000027f490acee7f11ab5fdd47209d6422c5a7,0x42e213a3ad048e899b89ea8cb11d21bc97b84748,2026-10-02T17:36:57,dense_internal_fund_flow;complex_trace,0x2b95e055,true
26103641,0x3c37303b0b45eac3834872925ab6e507a1b2b120aff669e4831158ed269bc283,0xdadb0d80178819f2319190d340ce9a924f783711,0xfeeeeee44046c3f61a8cc081e0918ef0de0a7ffc,2026-10-02T17:36:58,selfdestruct_context,0x6abf744b,true
26103641,0x500379f6e546d3e56838424184c620d6910ad34e8a323e2fdcfda242352868d2,0xdadb0d80178819f2319190d340ce9a924f783711,0xfeeeeee44046c3f61a8cc081e0918ef0de0a7ffc,2026-10-02T17:36:58,selfdestruct_context,0x6abf744b,true
26103641,0x5b034c991fa360831457c274fa13dd66fbfc502f5a9e9cf3283e2c02235dd31c,0xe487832018fbd594c84f1db3dfac61cde98a5f36,0x91ff8bbd8ebb07893010d50a48a1609e5ebd8e34,2026-10-02T17:36:58,complex_trace;high_gas_used_context,0x069d1525,false
26103641,0x695186668c1d3dfcac26bcb59db526598d54045f0c63ec436332ce50e80fd5a8,0xdadb0d80178819f2319190d340ce9a924f783711,0xfeeeeee44046c3f61a8cc081e0918ef0de0a7ffc,2026-10-02T17:36:58,selfdestruct_context,0x6abf744b,true
26103641,0xa6137dc0c7b487d017969d4610b6dd4f42ba21499faed489418eabfcd50fb9b2,0xdadb0d80178819f2319190d340ce9a924f783711,0xfeeeeee44046c3f61a8cc081e0918ef0de0a7ffc,2026-10-02T17:36:58,selfdestruct_context,0x6abf744b,true
26103641,0xd85c1c14db90c083effc0d84ee73433d2ce097f96e98cfd84fcd4745576c0d0c,0x65802cc308aea8bb913882696c2df6bf23ff9e48,0x7a3ddeac7a0ae6dfa9391c764499a3564f3c2aad,2026-10-02T17:36:58,complex_trace;high_gas_used_context,0x778ddcb3,false
26103641,0xea3fe0e34daf35220f05c86f25c65bfb42c6ee0f359a638b1ddd6740fc1f59ba,0x67676767d762bc8c3f92e32c644bedb9dc424157,0x85940d36a1f438d4292dd77365d99cc2d1eae3c7,2026-10-02T17:36:58,complex_trace;high_gas_used_context,0x64720fc1,false
26103642,0x02f691fcf3e560f4b97bcac1c0e218d64ce172fb0d882b67c0509e1311b36285,0xca7ded7e4f4ba8ab3b10009236ae6d1b95094589,0xb92fe925dc43a0ecde6c8b1a2709c170ec4fff4f,2026-10-02T17:37:00,dense_internal_fund_flow,0xcd6e13f7,true
26103642,0x0622581e61d85d7cf185b77294ffae5b46dc03bf0963e103218993a91866d7b9,0xd03eee358eaf218c3b807b2faa365a8bbdbfbfe0,0xfabca7957d67c680d3ab2c28b8dc003a5852123a,2026-10-02T17:37:00,privileged_execution_context;complex_trace,0x6a761202,false
26103642,0x09c9c3a0253ce68a4055b30978250854c5b9bc2c9e7f556f1d7d30c37a9731e4,0xb3afb6db38a8e72905165c1fbb96772e63560790,0x9e0a538749a486bbf127f8848a6f2cf4e1e92dbd,2026-10-02T17:37:00,privileged_execution_context;complex_trace,0xd05c2c94,false
26103642,0x103fa1d5f2bbb3d63fd3e3f829764036fa329772970f42fa4fab05f80b4c3288,0xc0fd6dd9d337881542ddad1e48f8350b921cc773,0x0439e60f02a8900a951603950d8d4527f400c3f1,2026-10-02T17:37:00,dense_internal_fund_flow;complex_trace,0x3ce33bff,true
26103642,0x192936e1a1b691d68c9880ce10a6ea1fd46a34a3fb8572adf910bf580b13ecd2,0xa96230a44ddde63c5bf13bb5adbaa12a292b9fe8,0xee030ec6f4307411607e55acd08e628ae6655b86,2026-10-02T17:37:00,dense_internal_fund_flow;complex_trace,0x6e1537da,true
26103642,0x40b7a957b1011d22b934b25b426bffdb96bc3e763f806c5c5e3bd844552ab9fc,0xf16ce74e918588d9ffd93a668438c2f312de6877,0x23617e59a5925b2a4bf75d73ff6711cd0b29de85,2026-10-02T17:37:00,dense_internal_fund_flow;complex_trace,0x3593564c,true
26103642,0x4d69b172b3235ff7c192093d424488aa4bd2defa91c2ddb50ba18a7069dbd06a,0xdadb0d80178819f2319190d340ce9a924f783711,0xfeeeeee44046c3f61a8cc081e0918ef0de0a7ffc,2026-10-02T17:37:00,selfdestruct_context,0x6abf7457,true
26103642,0x57e4e12643546ef12d93be6a26b67e6f893bab5230fb5c61d466562911b4f790,0xd714e1d25067c2421ea58b962d900732f77ab23b,0xcd2bdb8af031d29d2bc38ef08b842d31e344384c,2026-10-02T17:37:00,repeated_internal_token_drain;dense_internal_fund_flow;complex_trace;high_gas_used_context;token_activity_burst;repeated_risky_internal_calls,0xa9059cbb,true
26103642,0x65cb3324b06fb36b771a289542963ed5c1df8eed6f294962c3d09639bb88d896,0x5eeb22910a5c84ea193d7a4c03f532f636c7f611,0xbeef123217647014429b7670329782e210884e89,2026-10-02T17:37:00,complex_trace;high_gas_used_context,0xe3ee963b,false
26103642,0x719b00dc257b92dca28d21fad84c6830db616c4764105ffd4ba668515a5e21c4,0xdadb0d80178819f2319190d340ce9a924f783711,0xfeeeeee44046c3f61a8cc081e0918ef0de0a7ffc,2026-10-02T17:37:00,selfdestruct_context,0x6abf7457,true
26103642,0x7ead59b649973a64643bbaba1c1731bd7ad14b28ba49c9fd3d20060d761ed69a,0xdadb0d80178819f2319190d340ce9a924f783711,0xfeeeeee44046c3f61a8cc081e0918ef0de0a7ffc,2026-10-02T17:37:00,selfdestruct_context,0x6abf7457,true
26103643,0x1702726aec7048e5ca9a01ef6a5a5656b0663466bd8396d3f264881b0353aa32,0x7d003e85d0f9775cf28aa08d335e18d464c691a3,0x3ee18b2214aff97000d974cf647e7c347e8fa585,2026-10-02T17:37:33,large_mint_to_sender,0xc6878519,true
26103643,0x1a0ff635a417d8e0459e26ceecb97247cbe5bdb0419f8b024c37faea9e00dd8c,0xdee21f3c4cfcdbef84d218eba6d2a8ef0b009c2c,0x6fc3dc715f1dc99f4f59bf5c3e53dca31e16f29d,2026-10-02T17:37:33,complex_trace;high_gas_used_context,0x00000c9f,false
26103643,0x2982451989d617dd751778abefacd3fff5b1d277e404918394f9fef7f235146b,0x1d93a938203384d61da544310217e59e60a03eca,0x2d5805a423d6ce771f06972ad4499f120902631a,2026-10-02T17:37:33,dense_internal_fund_flow;complex_trace,0xf497df75,true
26103643,0x539c256ec725648d3672a932a084569bc85ea986dd32217674a44c8e76d54d08,0x69c39a01ea55a3c5ec46f366a28e5a1f85f3b005,0xb300000b72deaeb607a12d5f54773d1c19c7028d,2026-10-02T17:37:33,complex_trace;high_gas_used_context,0x810c705b,false
26103643,0x5d24b937090831fa0e4231ec1caff9d963b433e126fb49fb723c2f9647474902,0xb23360ccdd9ed1b15d45e5d3824bb409c8d7c460,0x09c30cdcdd971423cb3ba757a47d56c35d06d818,2026-10-02T17:37:33,dense_internal_fund_flow,0x318adb8b,true
26103643,0xbbc082887117bfc4d1b0066bd0565775d05f0761703a97c8759ea4d05e36f825,0x00d9fe085d99b33ab2aae8063180c63e23bf2e69,0x75884f3ada15c953529abaac6549d5204135ec36,2026-10-02T17:37:33,repeated_internal_token_drain;dense_internal_fund_flow;complex_trace;high_gas_used_context;token_activity_burst;repeated_risky_internal_calls,0xa9059cbb,true
26103643,0xcafe2ad1881c37932b1aa06ee31c9fa19da4c8c5dab742379ccf64fba00a7194,0x50bf934781f63028c5c8ef49c4affe19a86d99b6,0x8d04cc7e86e687854eb41d9d43512b655b93184b,2026-10-02T17:37:33,dense_internal_fund_flow;complex_trace;selfdestruct_context,0x4a1bf18a,true
26103643,0xee8bf93de16f877d5801e166d43fd1586f6f19972261279e257c08964290d460,0xc6acbee42e9e323140c1ed060c2f6ea9cc3b4b75,0x7c5a71c9fefbc7691f9d4ac7baf70c743792f716,2026-10-02T17:37:33,selfdestruct_context,0xf3fef3a3,false
26103643,0x60f710255596c29fc80d0636dc1e9b869bb55c9f8f709730eb642502498fe76c,0x396343362be2a4da1ce0c1c210945346fb82aa49,0xfeeeeee44046c3f61a8cc081e0918ef0de0a7ffc,2026-10-02T17:37:34,selfdestruct_context,0x6abf7463,true
26103643,0xa7e42b6e8f46a5121842d5dc7fba86c7ae0358187a13ab609d220e168a7bbb52,0x396343362be2a4da1ce0c1c210945346fb82aa49,0xfeeeeee44046c3f61a8cc081e0918ef0de0a7ffc,2026-10-02T17:37:34,selfdestruct_context,0x6abf7463,true
26103643,0xab759b64aa31ddf82486618cf7b1ec41a739f7e5670ca9cc183d6a713dd827b6,0x59aab1bd0d26290274398c07b55955c15425e16b,0x00fe78205f5f0e63b8ad2b2ae5337f538a610e04,2026-10-02T17:37:34,repeated_internal_token_drain;dense_internal_fund_flow;complex_trace;high_gas_used_context;token_activity_burst;repeated_risky_internal_calls,0x34fcd5be,true
26103644,0x1ae690650a177d5e72cf87a233e38b01811e437b56e55deac7a8509dd31c2c74,0x50bf934781f63028c5c8ef49c4affe19a86d99b6,0x8d04cc7e86e687854eb41d9d43512b655b93184b,2026-10-02T17:37:59,selfdestruct_context,0xd20b83bb,false
26103644,0x2ffdc921cc789fc803598cbc4979d30d58489bcf18f8a36d33d4f54fce11e874,0x65802cc308aea8bb913882696c2df6bf23ff9e48,0x7a3ddeac7a0ae6dfa9391c764499a3564f3c2aad,2026-10-02T17:37:59,complex_trace;high_gas_used_context,0x778ddcb3,false
26103644,0x320d57118b1d0bf92cd8ba20756ddb45ef9805787b65c594e929d077ac02039e,0x50bf934781f63028c5c8ef49c4affe19a86d99b6,0x8d04cc7e86e687854eb41d9d43512b655b93184b,2026-10-02T17:37:59,complex_trace;selfdestruct_context,0x4a1bf18a,false
26103644,0xbfb0cffb28930247f738bd027d0c43bb32c165dd7df82abcd04df91d88673404,0x89838d62d236b492502581f579176c74219c6367,0x7156b23feaf295e109d69148665bff737809cea4,2026-10-02T17:37:59,dense_internal_fund_flow,0x4a25d94a,true
26103644,0xe18caebb89442b86bbad04a5ce78190a4937a7824d752189a3e8e3f84e01f2d1,0xd714e1d25067c2421ea58b962d900732f77ab23b,0xcd2bdb8af031d29d2bc38ef08b842d31e344384c,2026-10-02T17:37:59,repeated_internal_token_drain;dense_internal_fund_flow;complex_trace;high_gas_used_context;token_activity_burst;repeated_risky_internal_calls,0xa9059cbb,true
26103644,0xefdfa691c82d5376e22bf256c952377b1c246d6995f3b7311d34c586cf0130aa,0xaf3317ea73865e097cb2a814c802ef349642f101,0x50c4e75a512f2a14a7b304787adf79c4531a5909,2026-10-02T17:37:59,complex_trace;high_gas_used_context;token_activity_burst,0x2213bc0b,false
26103644,0xf5e931c6ae081b42197e4a96cbe38a57efd651cdc0ce96d79a487aea68a7e662,0xbb511d3a236d49dd550c1973cf23a9df63e68c51,0xb300000b72deaeb607a12d5f54773d1c19c7028d,2026-10-02T17:37:59,complex_trace;high_gas_used_context;token_activity_burst,0x810c705b,false
26103644,0x13337e2df2ee63d87e07fe43cc973b9b608f95661462d1a77a6918e9d939af04,0x396343362be2a4da1ce0c1c210945346fb82aa49,0xfeeeeee44046c3f61a8cc081e0918ef0de0a7ffc,2026-10-02T17:38:00,selfdestruct_context,0x6abf746f,true
26103644,0x3a694017b23583dcca4be7dc596a8a847ba68d968b2882c6bdec6e75c2b57366,0x396343362be2a4da1ce0c1c210945346fb82aa49,0xfeeeeee44046c3f61a8cc081e0918ef0de0a7ffc,2026-10-02T17:38:00,selfdestruct_context,0x6abf746f,true
26103644,0x7e2e778f8f2227e29f2098083eebbd850651f8809cca8c07e7504404770dd49c,0x396343362be2a4da1ce0c1c210945346fb82aa49,0xfeeeeee44046c3f61a8cc081e0918ef0de0a7ffc,2026-10-02T17:38:00,selfdestruct_context,0x6abf746f,true
26103645,0x1459388d7b2a7afe0f0a84c9e22d5324a069abe496c7cad973cb4573ffb4da8c,0x48317c8a6565a865b3d6063becb110536a89cf2c,0x1921e0ff550c09066edd4df05d304151c45e77de,2026-10-02T17:38:01,dense_internal_fund_flow;complex_trace,0x13d79a0b,true
26103645,0x14c37afbd24a8831011d67faf1f17a0836760154514778263a0c75ca1d990b19,0xaa1444bc78a57aa2f4157364cb4495a2ed328df0,0xf4e147db314947fc1275a8cbb6cde48c510cd8cf,2026-10-02T17:38:02,dense_internal_fund_flow;complex_trace,0x0bf5d35e,true
26103645,0x2bd7e8ac7d16abae51796bdf3faebfb53a0645fef751ad2f3d051d62495053c9,0x59aab1bd0d26290274398c07b55955c15425e16b,0x00fe78205f5f0e63b8ad2b2ae5337f538a610e04,2026-10-02T17:38:02,repeated_internal_token_drain;dense_internal_fund_flow;complex_trace;high_gas_used_context;token_activity_burst;repeated_risky_internal_calls,0x34fcd5be,true
26103645,0x3d4b2fe5683e65ca8bf111c0d7c7fc269e45620cb418b4782879ba3b5d1f9628,0x00d9fe085d99b33ab2aae8063180c63e23bf2e69,0x75884f3ada15c953529abaac6549d5204135ec36,2026-10-02T17:38:02,complex_trace;high_gas_used_context;token_activity_burst,0xa9059cbb,false
26103645,0x3eb393e3a041d1be11f5bb3106cc7db7901d71eddf62ae6d1891e4543896c676,0xfb74767c1ce1aada0a0e114441173b57f8c1571b,0xfeeeeee44046c3f61a8cc081e0918ef0de0a7ffc,2026-10-02T17:38:02,selfdestruct_context,0x6abf747b,true
26103645,0x57306c8875983f4b23bd8c86ac102da0e01d0c9fd326d668e7960a294a075ca5,0x91355870a334ffc33e84503327773259e3030366,0xd314194e23a9a695958fd14193fcd4e7a87d9b72,2026-10-02T17:38:02,dense_internal_fund_flow;token_activity_burst,0xa9059cbb,true
26103645,0x7b301eba64fd79c60be73ab72e471d56f232c79b722792e18793fefa05d271a1,0x31be758983fbe7df6f93c5331655c8ae8971cc9d,0x337685fdab40d39bd02028545a4ffa7d287cc3e2,2026-10-02T17:38:02,dense_internal_fund_flow;complex_trace;high_gas_used_context,0xfa74fd43,true
26103645,0x8f23a3753dd7d8c4bd282f57d566844b4e5cbf7a6b46b3370c5e6e0af1cdbae2,0xfb74767c1ce1aada0a0e114441173b57f8c1571b,0xfeeeeee44046c3f61a8cc081e0918ef0de0a7ffc,2026-10-02T17:38:02,selfdestruct_context,0x6abf747b,true
26103645,0xca7ce3e332944d75e746a6fb4f433111d0ec003e7d080fad74b4c67442d0f005,0xad29713a88acf022885c2aaa482eaa0694aa5316,,2026-10-02T17:38:02,large_mint_to_sender;contract_creation_context,0x60806040,true
26103646,0x188bf127f4731acb76d3f02af9e92d1a82dc582b61b1b925f6cddee74955a67b,0xe20446cccbfd5f9038e747f1dea8016ecbd94ae5,0x442be06bb5d13711a22ccd3fa382b72a874c5135,2026-10-02T17:38:34,privileged_execution_context;complex_trace,0xf7b5c341,false
26103646,0xdcf70f9fcce4de700942c527e7adb052b92221af237ff23fd5600e9ae76730a2,0x00000027f490acee7f11ab5fdd47209d6422c5a7,0x42e213a3ad048e899b89ea8cb11d21bc97b84748,2026-10-02T17:38:34,dense_internal_fund_flow;complex_trace,0x2bad1c11,true
26103646,0x402e76b3835ebbb88a9604d3bc89c84e7ab46432b2c8b87c9ad354f1737ca6b9,0xbb91c81d100e1b375500ffeb9603354fdf7af4a8,0x6f0233ed72376f03736799ac520eaaae52d341ca,2026-10-02T17:38:35,privileged_execution_context,0xc6fe8747,false
26103646,0x45f71e4108bce2d20a7a26aca0f1da97a8ac38815423f2a1c7f7fb4e8464ab3b,0x7202932b3be70edf0657d5bada261d610e0d7db9,0x0000000071727de22e5e9d8baf0edac6f37da032,2026-10-02T17:38:35,privileged_execution_context;complex_trace,0x765e827f,false
26103646,0x7cc92cbfdac56eb1c758f4df7167d578edb2626efba31cf767a63241743bbc53,0x50bf934781f63028c5c8ef49c4affe19a86d99b6,0x8d04cc7e86e687854eb41d9d43512b655b93184b,2026-10-02T17:38:35,complex_trace;selfdestruct_context,0xd20b83bb,false
26103646,0x20b9bad643edf23ddd82d71580a4ca5a81d621af7c748b27742c01d4d4bf6f51,0x4838b106fce9647bdf1e7877bf73ce8b0bad5f97,0xfeeeeee44046c3f61a8cc081e0918ef0de0a7ffc,2026-10-02T17:38:36,selfdestruct_context,0x6abf7487,true
26103646,0x9d379f2592456174409f0b257018cb6d2b7a1b4657c9e4d95082340cdf78a7e7,0x59aab1bd0d26290274398c07b55955c15425e16b,0x00fe78205f5f0e63b8ad2b2ae5337f538a610e04,2026-10-02T17:38:36,repeated_internal_token_drain;dense_internal_fund_flow;complex_trace;high_gas_used_context;token_activity_burst;repeated_risky_internal_calls,0x34fcd5be,true
26103647,0xe1e86f1f8dadf5477665e747c7df92224847fb8add934b0ed7e749504542fd35,0x5b43453fce04b92e190f391a83136bfbecedefd1,0xbdb3ba9ffe392549e1f8658dd2630c141fdf47b6,2026-10-02T17:38:38,dense_internal_fund_flow;complex_trace;high_gas_used_context;token_activity_burst,0x000000c3,true
26103647,0x4e9fa4bbe97be1a1156f17abedec3e1e12f1679e183b2753e0cdf08887c9964e,0x89838d62d236b492502581f579176c74219c6367,0x7156b23feaf295e109d69148665bff737809cea4,2026-10-02T17:39:39,dense_internal_fund_flow,0x18cbafe5,true
26103647,0x838384233fc98c5ec6875dcc4b4956f0d2fb89d33201114f1648f24cc946a829,0x4838b106fce9647bdf1e7877bf73ce8b0bad5f97,0xfeeeeee44046c3f61a8cc081e0918ef0de0a7ffc,2026-10-02T17:39:39,selfdestruct_context,0x6abf7493,true
26103647,0xe0178ffd41088648856e5e919ed804305f853b1cc0b3a6c16a8c52623f62faca,0xab73900ffcd3db621eade0bddfe00ffea159cef9,0x12a6893aff44f18d96e47e4b7c7d6a073cece8cd,2026-10-02T17:39:39,complex_trace;high_gas_used_context,0x601881f3,false
26103647,0xe7552def35e280c0c7605768dc0b9d1750a04909fcc1ebf3b97d85dcb8a6d236,0x59aab1bd0d26290274398c07b55955c15425e16b,0x00fe78205f5f0e63b8ad2b2ae5337f538a610e04,2026-10-02T17:39:39,repeated_internal_token_drain;dense_internal_fund_flow;complex_trace;high_gas_used_context;token_activity_burst;repeated_risky_internal_calls,0x34fcd5be,true
26103648,0x676e35ae714b3218573dd9ee16593db21bb8377f69013587bb55acf10216b41c,0x4838b106fce9647bdf1e7877bf73ce8b0bad5f97,0xfeeeeee44046c3f61a8cc081e0918ef0de0a7ffc,2026-10-02T17:40:31,selfdestruct_context,0x6abf749f,true
26103648,0x776749053eda52647d66464f672bddc45bce0053bdcc1b7ef6e4004beb0b0fe7,0x802157021129a5027ae0ef5fd1e28baf11f83b7c,0x663dc15d3c1ac63ff12e45ab68fea3f0a883c251,2026-10-02T17:40:31,dense_internal_fund_flow;complex_trace,0x4d8160ba,true
26103648,0x9ece7d8246597135f85eca3397ffcc5a00a6da405b11b442622b5bddb4b62693,0x4838b106fce9647bdf1e7877bf73ce8b0bad5f97,0xfeeeeee44046c3f61a8cc081e0918ef0de0a7ffc,2026-10-02T17:40:31,selfdestruct_context,0x6abf749f,true
26103648,0xbe2e30fe11ee20dd2967aa1bdefe45d93e9052ae5fe02143d716710584188fda,0x59aab1bd0d26290274398c07b55955c15425e16b,0x00fe78205f5f0e63b8ad2b2ae5337f538a610e04,2026-10-02T17:40:31,complex_trace;high_gas_used_context;token_activity_burst,0x34fcd5be,false
26103648,0xdb15192bb6cd99edd91321520b3365824ae000c60ad1b26ab248f911957536c9,0x5b43453fce04b92e190f391a83136bfbecedefd1,0xbdb3ba9ffe392549e1f8658dd2630c141fdf47b6,2026-10-02T17:40:31,dense_internal_fund_flow;complex_trace;high_gas_used_context;token_activity_burst,0x000000c3,true
26103649,0x1efa4199aac324b64610822cddf5334552887ff71bf81081bb0a899dca29fc5e,0x50bf934781f63028c5c8ef49c4affe19a86d99b6,0x8d04cc7e86e687854eb41d9d43512b655b93184b,2026-10-02T17:40:32,dense_internal_fund_flow;complex_trace;selfdestruct_context,0x4a1bf18a,true
26103649,0x6ce7b93a69beb1235b639892ea385c96e5d30a5262c1ef7cd15ce9682ab32552,0x27a89c547cffb8e6ac7d213b8bc888d29d5edbc7,0xd1c6aca7ea7ed44e1873dafa054c28ceb690c7eb,2026-10-02T17:40:32,complex_trace;high_gas_used_context;token_activity_burst;approval_burst,0x9eb723c7,false
26103649,0x79461ae3c58453c72a9c56330d391b49edc67c8dadb325192e0509b4b4cf9a9c,0xd519125f0e064489dd45992acc472ae9f9234c3a,0xc6b080ded03c3382476a76345e79f82bd480977b,2026-10-02T17:40:32,complex_trace;high_gas_used_context,0x583a8d81,false
26103649,0xeab5c12aea3632189d7d79ebb663005bd6efa4b7a4e5e8a63a61809d3858f834,0xbb91c81d100e1b375500ffeb9603354fdf7af4a8,0x6f0233ed72376f03736799ac520eaaae52d341ca,2026-10-02T17:40:32,privileged_execution_context;complex_trace,0xc6fe8747,false
26103649,0xef4312d04de1e7912ee748dd6e1a7dc58e73ef5e3e8c6ef2008a7e38c2beda42,0x9c97ee995ee9d19f5afbb2bd979c6ede03000e7f,0x0000000071727de22e5e9d8baf0edac6f37da032,2026-10-02T17:40:32,complex_trace;high_gas_used_context,0x765e827f,false
26103649,0xf5e9baff1b3fa2be1ae4ec0ad5d526fc09eb8f62fb6545b1c7d03581f5bf8331,0x4337007ab182ebe9cdb0bc4b96734c32176d44cc,0x4337084d9e255ff0702461cf8895ce9e3b5ff108,2026-10-02T17:40:40,dense_internal_fund_flow;complex_trace,0x765e827f,true
26103649,0x37f04cb51e490fddc0298cba81359684465ee144c5498118e79dd569b6bee34d,0x4838b106fce9647bdf1e7877bf73ce8b0bad5f97,0xfeeeeee44046c3f61a8cc081e0918ef0de0a7ffc,2026-10-02T17:40:41,selfdestruct_context,0x6abf74ab,true
26103650,0x17a5fe1b70ca017fa5235122a90092e75590e639fb2e41219dc36e1e9d8707ce,0x50bf934781f63028c5c8ef49c4affe19a86d99b6,0x8d04cc7e86e687854eb41d9d43512b655b93184b,2026-10-02T17:41:14,complex_trace;selfdestruct_context,0x8066179c,false
26103650,0x4808ea8498c80776af3e5ec7a910a3651a97849f341423f7a72e1dab3bbbdd76,0x4838b106fce9647bdf1e7877bf73ce8b0bad5f97,0xfeeeeee44046c3f61a8cc081e0918ef0de0a7ffc,2026-10-02T17:41:14,selfdestruct_context,0x6abf74b7,true
26103650,0xa91279f634dde86d4a22af966a5b43e39471ef11277e256d90cd2f54e432c50b,0x4ee7e63b8246a0d1c4497b49c8a04ce8fe825ab9,0x6fc3dc715f1dc99f4f59bf5c3e53dca31e16f29d,2026-10-02T17:41:14,complex_trace;high_gas_used_context,0x00001077,false
26103650,0xb990137d04ca36475346961833501d46fac6857f4b3aee8b9680703539819d51,0x170c83dace9529145baeaa1858c146369f871856,0xb300000b72deaeb607a12d5f54773d1c19c7028d,2026-10-02T17:41:14,major_dex_price_change;complex_trace;high_gas_used_context,0x810c705b,true
26103650,0xec2f8833ecfecab71f31db7a73e4e1e6380c116d2bc437fbab6289ddfd119cf7,0xfd5feb0840e1a0a604941afef9c28bb1484e061b,0xbe02ebe3a3eecb0bb68eef1dc5612bd83694a169,2026-10-02T17:41:14,complex_trace;high_gas_used_context;token_activity_burst,0xffa9bc9e,false
26103651,0xc05974b66d1cca777564f698ac9c9ce15fa04394dc83a159a05608464468d031,0xfa11dc2c75dedea49efda97570b3c865a5d21c4e,0x6566194141eefa99af43bb5aa71460ca2dc90245,2026-10-02T17:41:15,complex_trace;high_gas_used_context;token_activity_burst;approval_burst,0x374f435d,false
26103651,0x0c2a3568bbd6e004d7a16569479dd3c02a1d0e4cec7e51f071604999c4499ec4,0x4838b106fce9647bdf1e7877bf73ce8b0bad5f97,0xfeeeeee44046c3f61a8cc081e0918ef0de0a7ffc,2026-10-02T17:41:46,selfdestruct_context,0x6abf74c3,true
26103653,0x47dc76f02f7b1827ee987f579ea2b55137d8eeef3d00532cfbe893cbc7ad44de,0x433702256b464248dcbe403c1334757be4ed9f26,0x4337084d9e255ff0702461cf8895ce9e3b5ff108,2026-10-02T17:42:22,complex_trace;high_gas_used_context,0x765e827f,false
26103653,0x7a3c61790f8c7cb3cd5bf6ee20198574d5e6993b92b3b827cf51d8487917a630,0x4ee7e63b8246a0d1c4497b49c8a04ce8fe825ab9,0x6fc3dc715f1dc99f4f59bf5c3e53dca31e16f29d,2026-10-02T17:42:22,complex_trace;high_gas_used_context;token_activity_burst,0x00000ccb,false
26103653,0xb92047975a04a81532d01be2fa189ca6803e58461f913fa96cd7807e930cc395,0x5f9acf4e85aa7283e0c16dd94cbc942f9d625151,0xf7c04d03efdc876cc8cb59f0ad58290388edd004,2026-10-02T17:42:22,selfdestruct_context,0xf3fef3a3,false
26103653,0x09679bfa5976bc7a495fb997054d548e075ce32533f217466be3ae6120756606,0x14b89937bae12d12b367019a1da542763730f7d6,0xd1671a8a6b59873148db723ea3d3766324fd1bfa,2026-10-02T17:42:53,dense_internal_fund_flow;complex_trace,0x2b19c741,true
26103653,0x64def6a6595c4619f1fe9c442e88b68b22be78516745e625ca4b3e42eca8ad2f,0xe487832018fbd594c84f1db3dfac61cde98a5f36,0x82c89d6ba0881a8b9e804aadfa0955d9acf7ba1f,2026-10-02T17:42:53,very_complex_trace;high_gas_used_context,0x656a7675,false
26103653,0xbc21c2b251c5212a62904df5ce1008706a3827bdcc63642828c7a9cec0a2b9ac,0xe469ee44d92bb173b7edc576ebb09da55dbfe32e,0x0000000071727de22e5e9d8baf0edac6f37da032,2026-10-02T17:42:53,privileged_execution_context;complex_trace,0x765e827f,false
26103653,0x6444751e16acf448a499fc01ef7ffae147ba1ef47758b17a6fc0b3013db101cd,0xdadb0d80178819f2319190d340ce9a924f783711,0xfeeeeee44046c3f61a8cc081e0918ef0de0a7ffc,2026-10-02T17:43:23,selfdestruct_context,0x6abf74db,true
26103653,0xd753cdcda918097e371e8069921d31f6076166e25fb5e07c45a4a7974cf82e79,0x80d04079ffc53eb14edbeeb37279d126f45552df,0xfffd78fa2f5b5c75838173792f2cf65b7876d391,2026-10-02T17:43:23,repeated_internal_token_drain;dense_internal_fund_flow;complex_trace;high_gas_used_context;token_activity_burst;repeated_risky_internal_calls,0x8aaa8f3b,true
26103653,0xe410a6f8d2b7c6d806fe822ce34f1a2024854fdd5b932694938907e4b720c174,0xdadb0d80178819f2319190d340ce9a924f783711,0xfeeeeee44046c3f61a8cc081e0918ef0de0a7ffc,2026-10-02T17:43:23,selfdestruct_context,0x6abf74db,true
26103653,0xfec84db2a1f8432b78efbf267605fc3521e882854f65a164ef5ba226dd2cc4f0,0xdadb0d80178819f2319190d340ce9a924f783711,0xfeeeeee44046c3f61a8cc081e0918ef0de0a7ffc,2026-10-02T17:43:23,selfdestruct_context,0x6abf74db,true
26103819,0x2bf552e5c51e09835eadb8e7a9b9d61c29c9b9e0057e03d4f626c9339b4196ee,0x27c2a1733f14e1247c5feb1c37cd52ae7d0d2bf2,0x140022b7000081000001094700609300d2187dab,2026-10-02T17:43:25,complex_trace;token_activity_burst,0xd001d21f,false
26103819,0x9fc9cd7c531c5ccaa26853f8432372e76bac6bb6d5ac2b84e3621eb814650b36,0x0d5673c41e49dbe3e8c67f5fa896d3d00461f8e2,0x1231deb6f5749ef6ce6943a275a1d3e7486f4eae,2026-10-02T17:43:25,complex_trace;high_gas_used_context,0x4666fc80,false
26103819,0xadea6891588c1e3aea7ed4454967554c418432ec8bc0a7197c3318e28b073ea7,0xe3e338266cd320220dafd249c5f2b2c27a83cbef,0xd3ee3fb6763cc4c569bbcc3dcf757c2a5850ce06,2026-10-02T17:43:25,dense_internal_fund_flow;complex_trace,0xe9ae5c53,true
26103819,0x054512fe7d5480687c0eef667ce350ee142b38556d7b346f139a2cfcdfeeabc3,0xdadb0d80178819f2319190d340ce9a924f783711,0xfeeeeee44046c3f61a8cc081e0918ef0de0a7ffc,2026-10-02T17:43:26,selfdestruct_context,0x6abf7caf,true
26103819,0x0a5aae03dd7bc8e959a57acc52338d02eaa298ec51eaf396b404f92e526a67bf,0xdadb0d80178819f2319190d340ce9a924f783711,0xfeeeeee44046c3f61a8cc081e0918ef0de0a7ffc,2026-10-02T17:43:26,selfdestruct_context,0x6abf7caf,true
26103819,0x0cb72c2dfd29e320947369c3a30bfbc0d488d9c43ed2d32333d0209462e4240a,0xdadb0d80178819f2319190d340ce9a924f783711,0xfeeeeee44046c3f61a8cc081e0918ef0de0a7ffc,2026-10-02T17:43:26,selfdestruct_context,0x6abf7caf,true
26103819,0x6fc6bd07bca9e76557bdc4110e2a56934a99ea44d01bda212aa523437c6bcfcf,0x7830c87c02e56aff27fa8ab1241711331fa86f43,0xa9d1e08c7793af67e9d92fe308d5697fb81d3e43,2026-10-02T17:43:26,dense_internal_fund_flow,0x1a1da075,true
26103819,0x8c46a5da466775ff6cb1743371b06f5415a965cbeb9ac60b4d0e61d1389ea59d,0xd6434d157f254276d69ede3bd9fc805482206908,0x7ec8a30a34b86927dc77b302603d1d53e640bef7,2026-10-02T17:43:26,repeated_internal_token_drain;dense_internal_fund_flow;complex_trace;high_gas_used_context;token_activity_burst,0xa9059cbb,true
26103819,0x9cb1b32fbe093df967b7f7cfb786de5a1202f4f3b79513da13954f3486616675,0xdadb0d80178819f2319190d340ce9a924f783711,0xfeeeeee44046c3f61a8cc081e0918ef0de0a7ffc,2026-10-02T17:43:26,selfdestruct_context,0x6abf7caf,true
26103819,0xa23c8a3544cd6709c4f208bddcff689fb16b1c7e328e02689e9ec5053d84b2db,0xdadb0d80178819f2319190d340ce9a924f783711,0xfeeeeee44046c3f61a8cc081e0918ef0de0a7ffc,2026-10-02T17:43:26,selfdestruct_context,0x6abf7caf,true
26103819,0xd2ccadfa9bc4921c1bbcaa0e048984dec4d82292b1f74613690a970d425a1340,0x4cc9d372df02c4e673317330e59a2ccbae751cdd,0x7156b23feaf295e109d69148665bff737809cea4,2026-10-02T17:43:26,dense_internal_fund_flow,0x4a25d94a,true
26103820,0x0b2d7776991adf2434b9cf7f96852a5763927c07ecbf1b2aeaa0b979e3955e79,0x1584a8ee67789d1fe161065388657ad2f2a3c7dd,0x77eb52e44db06777bce478159f25c0d55a295314,2026-10-02T17:43:28,repeated_internal_token_drain;dense_internal_fund_flow;complex_trace;high_gas_used_context;token_activity_burst;repeated_risky_internal_calls,0xa9059cbb,true
26103820,0x2aba61481b8844431ee746c22ab0d908a8efd081683b9218e5cd229539a3bbee,0xd6434d157f254276d69ede3bd9fc805482206908,0x7ec8a30a34b86927dc77b302603d1d53e640bef7,2026-10-02T17:43:28,repeated_internal_token_drain;dense_internal_fund_flow;complex_trace;high_gas_used_context;token_activity_burst;repeated_risky_internal_calls,0xa9059cbb,true
26103820,0x3772412af49e1188d5ef2744061e39d13b354b9d5ee210538febaf23dfa4cbbd,0xfb74767c1ce1aada0a0e114441173b57f8c1571b,0xfeeeeee44046c3f61a8cc081e0918ef0de0a7ffc,2026-10-02T17:43:28,selfdestruct_context,0x6abf7cbb,true
26103820,0x5ce531890064f942b08d5b8a4cb7512fa2bd9a62826352c3776fcff38a09556c,0xfb74767c1ce1aada0a0e114441173b57f8c1571b,0xfeeeeee44046c3f61a8cc081e0918ef0de0a7ffc,2026-10-02T17:43:28,selfdestruct_context,0x6abf7cbb,true
26103820,0xb8570ab96232e58e2de2b117f8c4af10cda0c5186298e1166b8736a6f89d7f71,0xb514443af4fd443a7826f72393149f98a9e8d736,0x86e4dc95c7fbdbf52e33d563bbdb00823894c287,2026-10-02T17:43:28,complex_trace;high_gas_used_context,0x4e43e495,false
26103821,0x109eba7a2400d5587011e122e6877d15056f335630f2cfa95090060ab0ccc960,0x062ce42cae04c51d04e77e3d64cc8953a2296ffe,0x8a25a24ede9482c4fc0738f99611be58f1c839ab,2026-10-02T17:43:39,complex_trace;high_gas_used_context,0x6a761202,false
26103821,0x10cc0748223c2f1c833fcf3785bcbaa1da88390cfa330865f4326c22793192a2,0x5b43453fce04b92e190f391a83136bfbecedefd1,0xbdb3ba9ffe392549e1f8658dd2630c141fdf47b6,2026-10-02T17:43:39,dense_internal_fund_flow;complex_trace;high_gas_used_context;token_activity_burst,0x000000c3,true
26103821,0x364fb48eb7d24e766acabce016475aac0dac3e95201a88ae95cfd9bc8103112a,0x21ecbeaf3170787ef3421c5c259a0e5f481d0c88,0x97caca78ac2a94c67643d07843f85afaa44a3ea5,2026-10-02T17:43:39,dense_internal_fund_flow;complex_trace,0xc02409ba,true
26103821,0xa2079427fa352572e707fd6f7529ed7a177f53e7a27bb1937667bc53ec8e55ab,0x6543e3594fa9ece3d0c0e09d826b59c827080a93,0xf8b2c637a68cf6a17b1df9f8992eebeff63d2dff,2026-10-02T17:43:39,dense_internal_fund_flow;complex_trace,0x3c55a029,true
26103821,0x461951472562dc7feb28b5981c38ab76c9351c7b3cfa2b67516496c192ea05ef,0xe91bcae4a2d7b951304695f93cf1b9a1837cfe43,0x7ec8a30a34b86927dc77b302603d1d53e640bef7,2026-10-02T17:43:40,repeated_internal_token_drain;dense_internal_fund_flow;complex_trace;high_gas_used_context;token_activity_burst;repeated_risky_internal_calls,0xa9059cbb,true
26103821,0x8f34be68f9d7ae0e8db81becb5e9870087608f7b2f2ac58491a377f11553b320,0x4838b106fce9647bdf1e7877bf73ce8b0bad5f97,0xfeeeeee44046c3f61a8cc081e0918ef0de0a7ffc,2026-10-02T17:43:40,selfdestruct_context,0x6abf7cc7,true
26103822,0x1546f242bc72ab0bff10af14a0c3d081693d3105ae89b21fa91021a9964009ce,0xc6b6a32b3871209dcb98abc0368f1bb4d776a2df,0xc3c7b049678d84081dfd0ba21a6c7fdcc31c226f,2026-10-02T17:44:29,dense_internal_fund_flow;large_mint_to_sender;very_complex_trace;high_gas_used_context;token_activity_burst,0xd74bc781,true
26103822,0x45262a0843e0e7d22bf238c7bb05ec93af526391af739fab8979b8139e814121,0x5b43453fce04b92e190f391a83136bfbecedefd1,0xbdb3ba9ffe392549e1f8658dd2630c141fdf47b6,2026-10-02T17:44:29,dense_internal_fund_flow;complex_trace;high_gas_used_context;token_activity_burst,0x000000c3,true
26103822,0x27042fcd480cb4a7a58ce87c2e952972f2a458e439b0a0e971b53a22e70f147e,0xc6acbee42e9e323140c1ed060c2f6ea9cc3b4b75,0x7c5a71c9fefbc7691f9d4ac7baf70c743792f716,2026-10-02T17:44:30,selfdestruct_context,0xf3fef3a3,false
26103822,0x76e52ae354e5970772db3ec9c2de54eaa689763ce32cb567c7a7150edf80081b,0x4337021d22bcd0775a0fd1b4a6665051dc15d995,0x4337084d9e255ff0702461cf8895ce9e3b5ff108,2026-10-02T17:44:30,complex_trace;high_gas_used_context,0x765e827f,false
