block_num,tx_hash,from,to,detect_time,attack_signals,selector,has_asset_impact
25955985,0x0cf3f7bfa8a6d224d536a167a82d6d2871332b118538a89b8efdb389c9302beb,0x2b3fed49557bd88f78b898684f82fbb355305dbb,0x09c30cdcdd971423cb3ba757a47d56c35d06d818,2026-09-12T02:45:28,dense_internal_fund_flow,0x318adb8b,true
25955985,0x07e573a9bbc3dab89350d28f617698f6a3a8cd66d3a908018bc458b47f9014c5,0x4838b106fce9647bdf1e7877bf73ce8b0bad5f97,0xfeeeeee44046c3f61a8cc081e0918ef0de0a7ffc,2026-09-12T02:45:59,selfdestruct_context,0x6aa449bb,true
25955985,0x233a481718414288cbc7e215c2585d4d5adcdad54f1dacafd37cf1215aa78cbb,0x1584a8ee67789d1fe161065388657ad2f2a3c7dd,0x77eb52e44db06777bce478159f25c0d55a295314,2026-09-12T02:45:59,repeated_internal_token_drain;dense_internal_fund_flow;complex_trace;high_gas_used_context;token_activity_burst;repeated_risky_internal_calls,0xa9059cbb,true
25955985,0x70bbfac22f3539586cb55dadc45c11921ec759004ad0200ed91cc05e36986284,0x71ec7113ab99ab94efb001bfd71cdb271a1c174c,0x1fe6ccfbb64962d0f27136b06844faf76042d65d,2026-09-12T02:45:59,large_erc20_asset_flow;complex_trace,0x61d11010,true
25955985,0xa4ca42b60f386cc776df1e5e7885e0dc13e08531af72c108c0bda67b7ce921a8,0x00d9fe085d99b33ab2aae8063180c63e23bf2e69,0x75884f3ada15c953529abaac6549d5204135ec36,2026-09-12T02:45:59,repeated_internal_token_drain;dense_internal_fund_flow;complex_trace;high_gas_used_context;token_activity_burst;repeated_risky_internal_calls,0xa9059cbb,true
25955985,0xd1c2c5b8e64c1cf178db459485a290980376b8bcd4ebb1757dad95bb78781cdf,0xa1401305566a440ecdff8157a90068e32335b5c7,0x1231deb6f5749ef6ce6943a275a1d3e7486f4eae,2026-09-12T02:45:59,dense_internal_fund_flow;large_erc20_asset_flow;complex_trace,0xaf7060fd,true
25955986,0x8c7c856dc7d3d6311158c57d6e0674a10db0f3af57f4c0ea0c64113357837867,0x1ce52d9c4a886dfb220fe09a5ba0937661a0e9d7,0x3884cf9171f53f3cb29bbca1594af8a0efd5567e,2026-09-12T02:46:01,large_erc20_asset_flow;complex_trace,0x03fb13d5,true
25955986,0x2bf398576ad1a2a364431242c07bc17916efae57b256d39bea3f7f29b8a5c099,0x1874d6ca1f881b572cf1458a02dbc02e080d59b7,0x950fd558f47e234a2fde23b7d61f7ccdbcb4a86f,2026-09-12T02:46:02,dense_internal_fund_flow;complex_trace,0xdd225095,true
25955986,0xea79a54f92d70ce54bae54cfebc1e9fc055e6237689217e3edbbe77435d94a2b,0x98dee45fc442130767ff812bcec22436b8a7268b,0x095bfaca9f1c6f2b063cd67c6d6bfcd0c3aab7b4,2026-09-12T02:46:02,large_erc20_asset_flow;complex_trace,0xdb006a75,true
25955986,0x0c28874c29474d753aa835bdf13750626c35aad9023d2df815ebc98b79d7de94,0xf70da97812cb96acdf810712aa562db8dfa3dbef,0xb92fe925dc43a0ecde6c8b1a2709c170ec4fff4f,2026-09-12T02:46:04,dense_internal_fund_flow,0xcd6e13f7,true
25955986,0x2b32141e90130eebafda7f55da7dcb7557e74d85ed5fd45b03f12b8ff036d837,0x1feed341f68ae6812b30e139ab074182ea4e3830,0x9e9110cfd24cd851ea5bc73a27975b33e308f9e1,2026-09-12T02:46:04,large_erc20_asset_flow,0xeb7499cf,true
25955986,0x4e27aaf55cbe08ac5a51dff36dc035e689aac1bf0d25dc9d0a93d94483d0641e,0xe487832018fbd594c84f1db3dfac61cde98a5f36,0x91ff8bbd8ebb07893010d50a48a1609e5ebd8e34,2026-09-12T02:46:04,complex_trace;high_gas_used_context,0x069d1525,false
25955986,0x67eb16d01edecae46a67912f2e135253f70f22ade8bce0833acb9e1aa7fabc04,0xb04e00e3e0f31073464804fe4182844ac2f7d418,0xb69e9ad23fd68a5f1a6e83c80d3249aed8101193,2026-09-12T02:46:04,large_erc20_asset_flow;complex_trace;high_gas_used_context;token_activity_burst;approval_burst,0x564a5158,true
25955986,0x6800bccebac5c7aa5e5f6ac5218de5c03d8b3879a29caee0b3866e927ecbdd0e,0x4838b106fce9647bdf1e7877bf73ce8b0bad5f97,0xfeeeeee44046c3f61a8cc081e0918ef0de0a7ffc,2026-09-12T02:46:04,selfdestruct_context,0x6aa449c7,true
25955986,0x79d341a4c7e281d56276aff888a012eedd84619def4cd044c17d092f169d793c,0x7556699aa8e6a7c9c69bcfaf9debd05f8192b063,0x7f3d4b092559b17f2227699a1f39cd56a90ef749,2026-09-12T02:46:04,complex_trace;high_gas_used_context;token_activity_burst,0xe587456a,false
25955986,0x977eaef37314b75a076bd55c0715bbfe648937678332affcf460e849d43b3884,0x85b0f9498ed437f412c58dfe017d64ffc2694e6d,0xe68ab4f90fe026b9873f5f276ed2d7efbbbe42be,2026-09-12T02:46:04,dense_internal_fund_flow,0x614b3341,true
25955986,0xb950823747ec653035500329a663b6a8bdefd4241f6df6298d22f5cbd2c3a4df,0x4337016838785634c63fce393bfc6222564436c4,0x0000000071727de22e5e9d8baf0edac6f37da032,2026-09-12T02:46:04,large_erc20_asset_flow,0x765e827f,true
25955986,0x6cdcd32029d397e997c7c3856ed2be5b4e9ea98d73d70916e4b655bd1f3b2411,0x9fc3da866e7df3a1c57ade1a97c9f00a70f010c8,0xfeeeeee44046c3f61a8cc081e0918ef0de0a7ffc,2026-09-12T02:46:33,selfdestruct_context,0x6aa449c7,true
25955987,0x1a7c369d7dc501909a67d489962f38e7cf535936df64d7baf6c103ded3b95a44,0x4838b106fce9647bdf1e7877bf73ce8b0bad5f97,0xfeeeeee44046c3f61a8cc081e0918ef0de0a7ffc,2026-09-12T02:47:06,selfdestruct_context,0x6aa449d3,true
25955987,0x4479310208489cd4d9d40cc8dc4fe6b3c05b1ce3eccd3323d979d4c98a97e924,0x77746d6ffa0bf81eda08b16826d9b1e3068b593c,0x555ce236c0220695b68341bc48c68d52210cc35b,2026-09-12T02:47:06,large_erc20_asset_flow;complex_trace;high_gas_used_context,0xc3c16ee4,true
25955987,0x65d9e11c1f4da51f2216b18e7d1976262b5376a44f42ec902ba64376af72445e,0xe487832018fbd594c84f1db3dfac61cde98a5f36,0x91ff8bbd8ebb07893010d50a48a1609e5ebd8e34,2026-09-12T02:47:06,complex_trace;high_gas_used_context,0x069d1525,false
25955987,0x6f07103584fa30057769a2a22e68b70685e57c0ffcaf341de0c65c524fba5f2a,0x1406d7beaf73849dbe998cd865cee7bb2f3b6a1e,0xb44446b0c8e56988c34f7ff73ae904982b5fdda5,2026-09-12T02:47:06,large_erc20_asset_flow;complex_trace;high_gas_used_context,0xad43f73d,true
25955987,0xa8c954a04550fa56713fc1df1dc14f229eca5bc6993d2ed28ddb0cadcd9d02be,0x4838b106fce9647bdf1e7877bf73ce8b0bad5f97,0xfeeeeee44046c3f61a8cc081e0918ef0de0a7ffc,2026-09-12T02:47:06,selfdestruct_context,0x6aa449d3,true
25955987,0xf8c44adc1cb2fca1630a25610cb1bea09d98a4dde6ec4a4ed7b4147ebd075417,0x50bf934781f63028c5c8ef49c4affe19a86d99b6,0x8d04cc7e86e687854eb41d9d43512b655b93184b,2026-09-12T02:47:06,selfdestruct_context,0xb5291b32,false
25955988,0x39655fcb4ffd4c3611038ffb231cfcf6a3686838b73bd3d82573a65c6df4db8f,0x7830c87c02e56aff27fa8ab1241711331fa86f43,0xa9d1e08c7793af67e9d92fe308d5697fb81d3e43,2026-09-12T02:47:07,large_erc20_asset_flow;token_activity_burst,0xca350aa6,true
25955988,0x7556cb1be9693dde955a4af94ff638cce98d50ce51f0f71e6e1c6980c4da2606,0x76c906793bbed48fdeec02f5d7c976c133daadbd,0x8c8ee39660c6d96217a2118557ab294ffe23fde4,2026-09-12T02:47:07,dense_internal_fund_flow;complex_trace;high_gas_used_context;token_activity_burst,0x0a2a25db,true
25955988,0xab7bb9e924e93bfd3480a99115a968c5c28a08d67ddd61b5dec66ad297f9a26b,0x59aab1bd0d26290274398c07b55955c15425e16b,0x00fe78205f5f0e63b8ad2b2ae5337f538a610e04,2026-09-12T02:47:07,repeated_internal_token_drain;dense_internal_fund_flow;complex_trace;high_gas_used_context;token_activity_burst;repeated_risky_internal_calls,0x34fcd5be,true
25955988,0xb739c6650514cc7672793d658aa88f11715a67a67d83fb97fd650fab7c1f9b64,0x80d04079ffc53eb14edbeeb37279d126f45552df,0x87a672b8af6f98eb29fb7fce5134133a028ee015,2026-09-12T02:47:07,complex_trace;token_activity_burst,0x8aaa8f3b,false
25955988,0xe16ba88cf51b02cf4805847e0f9c9363f66856bea350f70272b5462357a737aa,0xae2fc483527b8ef99eb5d9b44875f005ba1fae13,0x1f2f10d1c40777ae1da742455c65828ff36df387,2026-09-12T02:47:07,large_erc20_asset_flow,0x2b665938,true
25955988,0x305cd5d26b7c418c6378c011932506eafe284b407eb86628ec754a7c948af3f8,0x062ce42cae04c51d04e77e3d64cc8953a2296ffe,0x8a25a24ede9482c4fc0738f99611be58f1c839ab,2026-09-12T02:47:08,large_erc20_asset_flow;complex_trace;high_gas_used_context,0x6a761202,true
25955988,0x7c6e26021a47e0d7b0aeecbeafb765c43959e968cdd610513611a0791e7ae95b,0xe487832018fbd594c84f1db3dfac61cde98a5f36,0x91ff8bbd8ebb07893010d50a48a1609e5ebd8e34,2026-09-12T02:47:08,complex_trace;high_gas_used_context,0x069d1525,false
25955988,0x82c4c338f9b436b68a95da462debb79599dcb852c552915a229b905534f51004,0x1e9239b9b0d773d620f112a964b1053a63174ceb,0x89c6340b1a1f4b25d36cd8b063d49045caf3f818,2026-09-12T02:47:08,complex_trace;high_gas_used_context;token_activity_burst,0x0193b9fc,false
25955988,0xd1a86929908f980aaa06e0eae56a7aa5e4a2def7e7b40f75eff2c5e6ecd815e8,0x4838b106fce9647bdf1e7877bf73ce8b0bad5f97,0xfeeeeee44046c3f61a8cc081e0918ef0de0a7ffc,2026-09-12T02:47:08,selfdestruct_context,0x6aa449df,true
25955988,0xfa4db3009483ef847fca5802a6f302d0fa7ab80eeb2f8b8d1e1ccaa1a32ae6cd,0x4838b106fce9647bdf1e7877bf73ce8b0bad5f97,0xfeeeeee44046c3f61a8cc081e0918ef0de0a7ffc,2026-09-12T02:47:08,selfdestruct_context,0x6aa449df,true
25955989,0x5c5fb20e2a0d7a443e6354831c963dcc15b9032fa113147dffdcd5ed621ef9a0,0x1ce52d9c4a886dfb220fe09a5ba0937661a0e9d7,0x3884cf9171f53f3cb29bbca1594af8a0efd5567e,2026-09-12T02:48:11,large_erc20_asset_flow;complex_trace,0x03fb13d5,true
25955989,0x62ba503e686d199039dcedfac6e7e761072c0583505aba913c39eed895235933,0x1584a8ee67789d1fe161065388657ad2f2a3c7dd,0x77eb52e44db06777bce478159f25c0d55a295314,2026-09-12T02:48:11,repeated_internal_token_drain;dense_internal_fund_flow;complex_trace;high_gas_used_context;token_activity_burst;repeated_risky_internal_calls,0xa9059cbb,true
25955989,0x7d86771fb92c0332ee91d7beafac8b6d9f91d17d902c72e83a89516178b7b0cf,0x8a9f1ed37761bbd8424e40756bad3cfbdb4bfd63,0x6a000f20005980200259b80c5102003040001068,2026-09-12T02:48:11,dense_internal_fund_flow;complex_trace,0x0d893d62,true
25955989,0x9569f4f22b4bd164d8b55bd679c7ceb06c03c28d98d541f389ef4e1529d4368c,0xe487832018fbd594c84f1db3dfac61cde98a5f36,0x91ff8bbd8ebb07893010d50a48a1609e5ebd8e34,2026-09-12T02:48:11,complex_trace;high_gas_used_context,0x069d1525,false
25955989,0xe2bf4df2437719bb519ab40389d41fd20fc0076252ccc3f0c41976518339f10e,0xbe0b407782a7599380fa726db315340126d62229,0x4d2fb5f8ec243fde4df1a9678b82238570c7e0e4,2026-09-12T02:48:11,repeated_internal_token_drain;dense_internal_fund_flow;complex_trace;high_gas_used_context;token_activity_burst;repeated_risky_internal_calls,0x6a761202,true
25955989,0x153e40c6e79b345c94a8e1668b38ef7bbee8b11ffbd2a3744315fc4d403ba327,0x4838b106fce9647bdf1e7877bf73ce8b0bad5f97,0xfeeeeee44046c3f61a8cc081e0918ef0de0a7ffc,2026-09-12T02:48:13,selfdestruct_context,0x6aa449eb,true
25955989,0xd5b9ecb35bc801692f1bb68a1aa18a9c5abb76ed00b42722ed8cde8713b5e6f3,0x7e68483b7a2d132729ff10eb0fe49846b74e615b,0x5cc9400ffb4da168cf271e912f589462c3a00d1f,2026-09-12T02:48:13,complex_trace;high_gas_used_context;token_activity_burst,0xf41b2db6,true
25955990,0x6a7d59fb93e813d542a6d6b8558bb8db7f0f4f7173c62ae106fa80e69d7c539f,0xd55df81be2db8d2424ffe90a5e2b8ecb0c71886a,0x8b71140ad2e5d1e7018d2a7f8a288bd3cd38916f,2026-09-12T02:48:46,very_complex_trace;high_gas_used_context,0x297fdfe4,false
25955990,0xbf304efa33e53d698c52c4e5600402afb4a2a02a1b304c659b95d7cf74fc310b,0xe487832018fbd594c84f1db3dfac61cde98a5f36,0x91ff8bbd8ebb07893010d50a48a1609e5ebd8e34,2026-09-12T02:48:46,complex_trace;high_gas_used_context,0x069d1525,false
25955990,0xd9a1922db3f1ea6e44537c03f13b21930f8f60df1340edbee50629935cef64bb,0x85c2e985a4fb5c3ff25ee27ee424abd851e4cb33,0xfeeeeee44046c3f61a8cc081e0918ef0de0a7ffc,2026-09-12T02:48:46,selfdestruct_context,0x6aa449f7,true
25955991,0xc2a456c63f4c2f2d07ead1850435f3c9f730b71ddd8b838a34488c547e98d038,0x19b12226f70f1622242511d8cbb547a1349a034f,0x00b19a5200a100e5fc4c9800772f4d002f218400,2026-09-12T02:48:47,privileged_execution_context,0x7e734c5a,false
25955991,0x16ebab45335f6d723d84927a8725d7717b2f47d644aa735cedaabc9164bb4649,0x167a52a615e8a1c3ac79c860dd081ae61ac4b8e8,0x889edc2edab5f40e902b864ad4d7ade8e412f9b1,2026-09-12T02:48:48,large_erc20_asset_flow,0xacf41e4d,true
25955991,0x1906fefab851d24bfd240c88885f1fb95e78b2578284c2564f8fedc8e9c086fc,0x09cfee647fa339133380191c8db6b44f24500c9d,0x0ca8e8d976df3321f6ff0a8cca96536a51565c81,2026-09-12T02:48:48,high_gas_used_context;token_activity_burst,0xa9059cbb,false
25955991,0x91b4aeb1d274b464f86dabbc2661e65844b6382e4205ba683d300b6363a95344,0xbee7c5fd94c72067d1dd447a4b7f4bc7bbf7ccce,0xbee162fa5ae892be74f3f3e01c23da89adbccccc,2026-09-12T02:48:48,dense_internal_fund_flow;complex_trace,0x6d7b7040,true
25955991,0xb6ecf9031de858402b6b84408fef60bb28f861000ef5f6e78aee122411275854,0xe487832018fbd594c84f1db3dfac61cde98a5f36,0x91ff8bbd8ebb07893010d50a48a1609e5ebd8e34,2026-09-12T02:48:48,complex_trace;high_gas_used_context,0x069d1525,false
25955991,0xbc82ba038eb04fe901d13de7967b013d52f478113e2235c55378dc5bd1e7f2cc,0x50bf934781f63028c5c8ef49c4affe19a86d99b6,0x8d04cc7e86e687854eb41d9d43512b655b93184b,2026-09-12T02:48:48,dense_internal_fund_flow;complex_trace;selfdestruct_context,0x4a1bf18a,true
25955991,0xd92b6e514772aa672ca6868e79d60a9086cbb53bb2894a7fb98f198cc12c2ada,0xdd600728983b7754bffbcf23e3739f434b47331b,0x881d40237659c251811cec9c364ef91dc08d300c,2026-09-12T02:48:48,dense_internal_fund_flow;complex_trace,0x5f575529,true
25955991,0xd10378a0070c92eb3f110b9c26ccaf70169e35d49947dd9d1db29f1313d6f55a,0x98d5da955dec8f1fc98c202c67ab84c1723dbb7b,0x6a000f20005980200259b80c5102003040001068,2026-09-12T02:48:49,dense_internal_fund_flow,0xe3ead59e,true
25955991,0x43f5a7c81871edf2c3cacbfac7b4a386ab54977a68690fc3372e37483e5bac6a,0xe7e71aeaee573b0315859a7845c6349ca4365917,0x4563b9378b4ed1f35b3107d1d8e14c25a05898a4,2026-09-12T02:48:53,complex_trace;high_gas_used_context;token_activity_burst,0xfd3ad6d4,false
25955991,0xc9d21df4e8176cc8162c743079ef6cf80419f113eb8d73deceeb34c8ea4555dd,0x27c2a1733f14e1247c5feb1c37cd52ae7d0d2bf2,0x140022b7000081000001094700609300d2187dab,2026-09-12T02:48:53,complex_trace;high_gas_used_context;token_activity_burst,0xd65ee845,false
25955991,0xe1c2ca14cfea36f9e4500337e51a810761990e0e1287b4a5372a6a934db9d332,0x4838b106fce9647bdf1e7877bf73ce8b0bad5f97,0xfeeeeee44046c3f61a8cc081e0918ef0de0a7ffc,2026-09-12T02:48:53,selfdestruct_context,0x6aa44a03,true
25955992,0xe4393cb901362d4117cdc2aaca6b9cd9f212f690d7b8919894209386ac651d71,0x7830c87c02e56aff27fa8ab1241711331fa86f43,0xa9d1e08c7793af67e9d92fe308d5697fb81d3e43,2026-09-12T02:49:23,dense_internal_fund_flow,0x1a1da075,true
25955992,0x1a616dac98cdad03b10651e6a39f97344707ca3729ccaa89925ba63b468a0aaa,0x7830c87c02e56aff27fa8ab1241711331fa86f43,0xa9d1e08c7793af67e9d92fe308d5697fb81d3e43,2026-09-12T02:49:24,large_erc20_asset_flow;token_activity_burst,0xca350aa6,true
25955992,0xba69ccadac93428dde893ca15412176ec39d922cd5cdf790ac2a5fcde926d861,0x59cadf9199248b50d40a6891c9e329ea13a88d31,0xfeeeeee44046c3f61a8cc081e0918ef0de0a7ffc,2026-09-12T02:49:24,selfdestruct_context,0x6aa44a0f,true
25955993,0xe3d18149efa3bd605ed14c5977860129c6d22c3ee0deb36673589f1371b51237,0x5b43453fce04b92e190f391a83136bfbecedefd1,0xbdb3ba9ffe392549e1f8658dd2630c141fdf47b6,2026-09-12T02:49:50,complex_trace;high_gas_used_context;token_activity_burst,0x000000c3,false
25955993,0xf1f8d04e7960e0d8893da98c826f6f1a26012eeb10f82a17b6e87fd09e4691c5,0x480a15f9fdb1757d1db6cedc620772553f496637,0xd226997439ecfbeff8e110c8c78c8a7eefd19f89,2026-09-12T02:49:50,large_erc20_asset_flow;complex_trace,0x99999999,true
25955993,0x045bc3cdd1124773cbcee6002b8695feccce9cc45fa55b7521990a5774389a9c,0x09cfee647fa339133380191c8db6b44f24500c9d,0x0ca8e8d976df3321f6ff0a8cca96536a51565c81,2026-09-12T02:49:51,high_gas_used_context;token_activity_burst,0xa9059cbb,false
25955993,0x3b8229796c138b6baf7d68cf599bced13b87a971378c76b8061cce16dfc13843,0x9642b23ed1e01df1092b92641051881a322f5d4e,0xfaf17849fb05a11a4e233f221bac99ca43fc83f8,2026-09-12T02:49:51,large_erc20_asset_flow,0x6b13fcb1,true
25955993,0x62b63d48dba5f9e7f9a2f838c7d72120ef898a99f65e1aa17ab571663ed94938,0xe487832018fbd594c84f1db3dfac61cde98a5f36,0x91ff8bbd8ebb07893010d50a48a1609e5ebd8e34,2026-09-12T02:49:51,complex_trace;high_gas_used_context,0x069d1525,false
25955993,0x6b892b4a96494f72b26232ded878f0041f16be1d8d27b1585809de4f508fc8b6,0x7ae44a2684c73d1f66a3000a69d7e7d2776def6b,0xccc88a9d1b4ed6b0eaba998850414b24f1c315be,2026-09-12T02:49:51,dense_internal_fund_flow;complex_trace,0xf9e4bab4,true
25955993,0x98ff08458a85886826ffd211b24170b341df9e6fe4a7d71ebf14efd2a7aec2ca,0xf70da97812cb96acdf810712aa562db8dfa3dbef,0xb92fe925dc43a0ecde6c8b1a2709c170ec4fff4f,2026-09-12T02:49:51,dense_internal_fund_flow,0xcd6e13f7,true
25955993,0xef29510844ff8ef0b3418f02104dec7bfa28015c1cff1d1c0fea9961be41e16b,0x1cda83fe97a2e0a8f94a9cf32da947c23b72ba02,0xe0181090c22579b6a217f1522cbf8c9f1f0c1965,2026-09-12T02:49:51,large_erc20_asset_flow;complex_trace;high_gas_used_context,0xac9650d8,true
25955993,0xf2159fc96e746daf417242e76b9ddf78b0f010e249056e98abeb2d0ad7816f81,0x062ce42cae04c51d04e77e3d64cc8953a2296ffe,0x8a25a24ede9482c4fc0738f99611be58f1c839ab,2026-09-12T02:49:51,large_erc20_asset_flow;complex_trace,0x6a761202,true
25955993,0x1c20d313db3876655257433434b31a09ba367388c067d4d74de42138358e72fb,0x91355870a334ffc33e84503327773259e3030366,0xc497a105e21ce5f21eb420452e19abc083b7b6a0,2026-09-12T02:49:52,dense_internal_fund_flow;token_activity_burst,0xa9059cbb,true
25955993,0x293989aeabef85798b9259899945393b8375dea0013f72b5305e003b740b5f6a,0x4838b106fce9647bdf1e7877bf73ce8b0bad5f97,0xfeeeeee44046c3f61a8cc081e0918ef0de0a7ffc,2026-09-12T02:49:52,selfdestruct_context,0x6aa44a1b,true
25955994,0x0185d5c40389233c777c8285275d72c06e3304b00a05db2c18ec4587795e2b0b,0xa6e34f7cb3dad52e64ce8648e87022e7185b9587,0x950fd558f47e234a2fde23b7d61f7ccdbcb4a86f,2026-09-12T02:50:55,large_erc20_asset_flow;complex_trace,0xdd225095,true
25955994,0x63999a468f8fe9ccf1953efe66860af72f0feaa9fa95ff879b5fc1cb62d1461f,0x1584a8ee67789d1fe161065388657ad2f2a3c7dd,0x77eb52e44db06777bce478159f25c0d55a295314,2026-09-12T02:50:55,repeated_internal_token_drain;dense_internal_fund_flow;complex_trace;token_activity_burst;repeated_risky_internal_calls,0xa9059cbb,true
25955994,0x8c840c420a13abcf5fbc3cd16ad8316745ffa284aba5235c26d1bf353db724a8,0x4838b106fce9647bdf1e7877bf73ce8b0bad5f97,0xfeeeeee44046c3f61a8cc081e0918ef0de0a7ffc,2026-09-12T02:50:55,selfdestruct_context,0x6aa44a27,true
25955995,0x0315abb1f31cf66dbe5015c4f6141be1e15528fe64a3d65868943905d7146bd7,0x4337012eaf1f862b8dbdc6b62a01782ae01ef038,0x4337084d9e255ff0702461cf8895ce9e3b5ff108,2026-09-12T02:50:57,complex_trace;high_gas_used_context,0x765e827f,false
25955995,0x2843b9c3ab5f69db6766e23248f453772e6bed9f4af06cb3171f4ffd441911c5,0xb677a382df95060fcf0f4fe6e43736f86c23d045,0x4c21b7577c8fe8b0b0669165ee7c8f67fa1454cf,2026-09-12T02:50:57,large_erc20_asset_flow,0xdb006a75,true
25955995,0x46c89f598a4e6f9d5ea295483bb58a44dcb011349c7bfe09e672d01aeb5ee0a3,0xe487832018fbd594c84f1db3dfac61cde98a5f36,0x91ff8bbd8ebb07893010d50a48a1609e5ebd8e34,2026-09-12T02:50:57,complex_trace;high_gas_used_context,0x069d1525,false
25955995,0x489a1a06625b5f33a853728f83185eaef48b06e29b68697cd909b67c3ee408d9,0x09cfee647fa339133380191c8db6b44f24500c9d,0x0ca8e8d976df3321f6ff0a8cca96536a51565c81,2026-09-12T02:50:57,high_gas_used_context;token_activity_burst,0xa9059cbb,false
25955995,0x4b6922f7ee041bce146b887ae8f7c75364000d79172cab4f5564000cde2c269c,0xe487832018fbd594c84f1db3dfac61cde98a5f36,0x91ff8bbd8ebb07893010d50a48a1609e5ebd8e34,2026-09-12T02:50:57,complex_trace;high_gas_used_context,0x069d1525,false
25955995,0x622c71d085a420c9099c4474c593ae7670d3c5b83b55a2d11911dfc639200a8a,0x7817c4100e8e51c147c7b7eac1259abbdf47e7f0,0xe68ab4f90fe026b9873f5f276ed2d7efbbbe42be,2026-09-12T02:50:57,dense_internal_fund_flow;large_erc20_asset_flow;complex_trace,0xa994a998,true
25955995,0x6dc6005a157373d4002035699293697cedb70d88d5fb38e676dd632c599eff51,0x4588dd854bd3669eec1433f9a36f19a4f68b1548,0xe9236c2de544076f974b402c8b6f26058449d745,2026-09-12T02:50:57,repeated_internal_token_drain;dense_internal_fund_flow;complex_trace;high_gas_used_context;token_activity_burst;repeated_risky_internal_calls,0xa9059cbb,true
25955995,0x802840d382dd2c33f50b14f229a3c72f0b84db8617341098a59de74dd04d9459,0x4588dd854bd3669eec1433f9a36f19a4f68b1548,0xe9236c2de544076f974b402c8b6f26058449d745,2026-09-12T02:50:57,repeated_internal_token_drain;dense_internal_fund_flow;complex_trace;high_gas_used_context;token_activity_burst;repeated_risky_internal_calls,0xa9059cbb,true
25955995,0x82998eede0a439a042aa817874fc3cba6378f6f9e7013ea8922ac2e2d32a4ad6,0x4588dd854bd3669eec1433f9a36f19a4f68b1548,0xe9236c2de544076f974b402c8b6f26058449d745,2026-09-12T02:50:57,repeated_internal_token_drain;dense_internal_fund_flow;complex_trace;high_gas_used_context;token_activity_burst;repeated_risky_internal_calls,0xa9059cbb,true
25955995,0xa300011786fd6456231b44fa9b25540df8cf88a2369f86d3707b3aeb672763e5,0x09a591f0e4fa0abac08f05bc0916c51ee34c1a1b,0x5cb16a393b9b43c590953b51058edab1bde0f5fa,2026-09-12T02:50:57,dense_internal_fund_flow,0x501d976c,true
25955995,0xb0477d5e1de4b39ea23c92f1dbd7e163eabb82c757eda61a88265a0d1a1ff18e,0x4588dd854bd3669eec1433f9a36f19a4f68b1548,0xe9236c2de544076f974b402c8b6f26058449d745,2026-09-12T02:50:57,repeated_internal_token_drain;dense_internal_fund_flow;complex_trace;high_gas_used_context;token_activity_burst;repeated_risky_internal_calls,0xa9059cbb,true
25955995,0xe1b6438cad1797a24e54622e2d61aa1a256e5484994253b60e3bc6a10b3d8a0f,0x4588dd854bd3669eec1433f9a36f19a4f68b1548,0xe9236c2de544076f974b402c8b6f26058449d745,2026-09-12T02:50:57,complex_trace;high_gas_used_context;token_activity_burst,0xa9059cbb,false
25955995,0xaaa219627079e090afb3bdd4d50e0b851dc270acd4eb47d8c089daef975efc76,0x85c2e985a4fb5c3ff25ee27ee424abd851e4cb33,0xfeeeeee44046c3f61a8cc081e0918ef0de0a7ffc,2026-09-12T02:50:58,selfdestruct_context,0x6aa44a33,true
25955996,0x34c0aad26639c5325b439d94798f915fd6fb1c61236e2529064a48cb3f272d5b,0xfb74767c1ce1aada0a0e114441173b57f8c1571b,0xfeeeeee44046c3f61a8cc081e0918ef0de0a7ffc,2026-09-12T02:51:01,selfdestruct_context,0x6aa44a3f,true
25955996,0x7a66a36c0a3409fcb197b69b8e1e38392682987a111c6f124ccc8a7c219796cc,0xd55df81be2db8d2424ffe90a5e2b8ecb0c71886a,0x8b71140ad2e5d1e7018d2a7f8a288bd3cd38916f,2026-09-12T02:51:01,very_complex_trace;high_gas_used_context,0x297fdfe4,false
25955996,0x86fc790b5475552a6630ed13731baea3b91ebdd715c9ff2a84bb75c6b923ea53,0xfb74767c1ce1aada0a0e114441173b57f8c1571b,0xfeeeeee44046c3f61a8cc081e0918ef0de0a7ffc,2026-09-12T02:51:01,selfdestruct_context,0x6aa44a3f,true
25955996,0xbb0cbbe7e83862596802faf6c9e863c6e2f4b54c1903bbf1347ca0458a3bcbb6,0xd059075bf71107c56522b60354feb51edd1654bf,0x6131b5fae19ea4f9d964eac0408e4408b66337b5,2026-09-12T02:51:01,complex_trace;high_gas_used_context,0xe21fd0e9,true
25955996,0xc02904f62fef4598b41239cf3fc7d1a4b1f4b5027875d33a3b7709db104ebbaa,0xfb74767c1ce1aada0a0e114441173b57f8c1571b,0xfeeeeee44046c3f61a8cc081e0918ef0de0a7ffc,2026-09-12T02:51:01,selfdestruct_context,0x6aa44a3f,true
25955996,0xd095d358e1ea5935602945d7d446729c4ec4107689b47e2bd476bfff2fbe78e1,0xe487832018fbd594c84f1db3dfac61cde98a5f36,0x91ff8bbd8ebb07893010d50a48a1609e5ebd8e34,2026-09-12T02:51:01,complex_trace;high_gas_used_context,0x069d1525,false
25955997,0x970874e85d2d64731e46a94c695ac8dd65992c6fd7efa15c31e4beade750b866,0xc6acbee42e9e323140c1ed060c2f6ea9cc3b4b75,0x7c5a71c9fefbc7691f9d4ac7baf70c743792f716,2026-09-12T02:52:04,selfdestruct_context,0xf3fef3a3,false
25955997,0x8eeddc2a926a324c6dc61efa97ffa883ef4e43643a82ef2257c0657c16b36649,0xe6e49252a14de314288a3088c325cf254396ce18,0x1231deb6f5749ef6ce6943a275a1d3e7486f4eae,2026-09-12T02:52:06,dense_internal_fund_flow,0x1794958f,true
25955997,0x107f61fce5a07394d1b32a95a322a470c0552ba399d4c3065da6dddb47472593,0x4838b106fce9647bdf1e7877bf73ce8b0bad5f97,0xfeeeeee44046c3f61a8cc081e0918ef0de0a7ffc,2026-09-12T02:52:07,selfdestruct_context,0x6aa44a4b,true
25955997,0x179fb206931762efe0688b895376983fb81ef5bbb630d93738e2da9651228658,0x6d7ac63aaa7ba8925dcb3e44be6355261dcf688f,0x33636d49fbefbe798e15e7f356e8dbef543cc708,2026-09-12T02:52:07,large_erc20_asset_flow;complex_trace,0x3ea34dc0,true
25955997,0x9e0828e75c8cc9900598ba341fac6efcc25f3037829089cb367730450f906b82,0x4838b106fce9647bdf1e7877bf73ce8b0bad5f97,0xfeeeeee44046c3f61a8cc081e0918ef0de0a7ffc,2026-09-12T02:52:07,selfdestruct_context,0x6aa44a4b,true
25955998,0x1332532b3100b055d5bd211fe48b07756582e2422b6a3f5e010a30212effff02,0x7830c87c02e56aff27fa8ab1241711331fa86f43,0xa9d1e08c7793af67e9d92fe308d5697fb81d3e43,2026-09-12T02:52:08,dense_internal_fund_flow,0x1a1da075,true
25955998,0x65e6441e005277d0a2bb19e605914d748b3b52fdef26581bbf122fc88c9f0b06,0x7830c87c02e56aff27fa8ab1241711331fa86f43,0xa9d1e08c7793af67e9d92fe308d5697fb81d3e43,2026-09-12T02:52:08,large_erc20_asset_flow;token_activity_burst,0xca350aa6,true
25955998,0x3e43d0c4994afab95c8aba9babe04fe4f531a7a800bac10187d98912cda7c170,0x4838b106fce9647bdf1e7877bf73ce8b0bad5f97,0xfeeeeee44046c3f61a8cc081e0918ef0de0a7ffc,2026-09-12T02:52:09,selfdestruct_context,0x6aa44a57,true
25955998,0x760314265d17509e8672f6a47792edeaef7d7f5e46f88a5209db3670cf656404,0x9fbb12ea7dc6de6503b35da4389db3aecf8e4282,0xccc88a9d1b4ed6b0eaba998850414b24f1c315be,2026-09-12T02:52:09,dense_internal_fund_flow,0xf9e4bab4,true
25955998,0xd19afa3cf98ba32fac89ed6568f778b04a72996fa0999e5430d452791e453227,0xe02e3b1cbec07fc8d03b2ed15ddce743403a013b,,2026-09-12T02:52:09,privileged_execution_context;contract_creation_context,0x60806040,false
25955999,0x127819264f7ac8a2a8fe8747d285e417e1300813b5a98675f2a3825c72082ac1,0xdadb0d80178819f2319190d340ce9a924f783711,0xfeeeeee44046c3f61a8cc081e0918ef0de0a7ffc,2026-09-12T02:52:10,selfdestruct_context,0x6aa44a63,true
25955999,0x181a821dbb5a09d10c23f6aaab8f218a8fd74faf1edd2d77bf18a739b8708a07,0xf1ba5368bd4a7a1195f9b65894db4ce3261a4192,0x8f5835e9d756c9bd934bce527157a4b0ef3c5cb7,2026-09-12T02:52:10,dense_internal_fund_flow;large_erc20_asset_flow,0x4a7cf362,true
25956000,0x4892463676a0885b08515f92b371adb75f637345367c9f2bdc07604fcd6ea881,0x1584a8ee67789d1fe161065388657ad2f2a3c7dd,0x77eb52e44db06777bce478159f25c0d55a295314,2026-09-12T02:53:13,repeated_internal_token_drain;dense_internal_fund_flow;complex_trace;high_gas_used_context;token_activity_burst;repeated_risky_internal_calls,0xa9059cbb,true
25956000,0x0e739434da14e9df69816ed3a97dbb114782b44dafe09a41b7bd9c90a43ada87,0x59aab1bd0d26290274398c07b55955c15425e16b,0x00fe78205f5f0e63b8ad2b2ae5337f538a610e04,2026-09-12T02:53:17,repeated_internal_token_drain;dense_internal_fund_flow;complex_trace;high_gas_used_context;token_activity_burst;repeated_risky_internal_calls,0x34fcd5be,true
25956000,0x218db9f4f082cd29355a51d5d2ecf467b3b35dad75aee626d6f87139d702e522,0x4838b106fce9647bdf1e7877bf73ce8b0bad5f97,0xfeeeeee44046c3f61a8cc081e0918ef0de0a7ffc,2026-09-12T02:53:17,selfdestruct_context,0x6aa44a6f,true
25956000,0x25410c997376c8a32a7ab9c0da3c6a7233d36fbffdfa53855cdf53c2725922b6,0x0000000000f40bf485f09866e1496302b882b8b0,0x0000000000be226afde21672a5e4adc45692e69d,2026-09-12T02:53:17,complex_trace;high_gas_used_context;token_activity_burst;approval_burst,0x00060000,false
25956000,0x2809feadba501a13dea16fc55d4b3a9ebcdbfba12291cc3bb67f841e6477664e,0x50bf934781f63028c5c8ef49c4affe19a86d99b6,0x8d04cc7e86e687854eb41d9d43512b655b93184b,2026-09-12T02:53:17,selfdestruct_context,0xb5291b32,false
25956000,0x2c8f9334f01e852c05e30120ed76dffa05dd614f52dfdd1a3a790d1742ec5cbc,0x59aab1bd0d26290274398c07b55955c15425e16b,0x00fe78205f5f0e63b8ad2b2ae5337f538a610e04,2026-09-12T02:53:17,repeated_internal_token_drain;dense_internal_fund_flow;complex_trace;high_gas_used_context;token_activity_burst;repeated_risky_internal_calls,0x34fcd5be,true
25956000,0x93b00474fe28dfc33713e7f771dae6f1cd8fc0369367b4c5e461cf8c73e9ed61,0xe487832018fbd594c84f1db3dfac61cde98a5f36,0x91ff8bbd8ebb07893010d50a48a1609e5ebd8e34,2026-09-12T02:53:17,complex_trace;high_gas_used_context,0x069d1525,false
25956000,0xde70697edc08e70c5a9a0b699492e9a39e5b48df9366f1cfb00059b0a772b0e9,0x50bf934781f63028c5c8ef49c4affe19a86d99b6,0x8d04cc7e86e687854eb41d9d43512b655b93184b,2026-09-12T02:53:17,selfdestruct_context,0xb5291b32,false
25956000,0xfb5cf864ac9be80f012feffaf7a32106118cef0b133206ba1af61b447e340f19,0x4838b106fce9647bdf1e7877bf73ce8b0bad5f97,0xfeeeeee44046c3f61a8cc081e0918ef0de0a7ffc,2026-09-12T02:53:17,selfdestruct_context,0x6aa44a6f,true
25956001,0x08e530ee59e73386719d984f017e5c04274b1885fef70f1bf79ba2abe754b422,0xebfc1ecf2d25605e4128b589451a7e921628f9fe,0x3036ecefa12f9f18552dd9ca79ea9f637309be48,2026-09-12T02:53:18,dense_internal_fund_flow;complex_trace,0x4c3f521d,true
25956001,0x65c3b560ce4a6a69026b79d4c9e1b33542c15c8d52f1c0d737a87a54cc969a57,0x949fcc554c5747179300cd39687d344e66293df8,0xabdf03d7b8548050235685bcbb4c8225dff3aba9,2026-09-12T02:53:18,dense_internal_fund_flow;large_erc20_asset_flow;complex_trace,0xa9967a5b,true
25956001,0x98b7678e2eafe80facec908998edb493c6700de8ace75fdc31deec8c5b23144a,0xdadb0d80178819f2319190d340ce9a924f783711,0xfeeeeee44046c3f61a8cc081e0918ef0de0a7ffc,2026-09-12T02:53:18,selfdestruct_context,0x6aa44a7b,true
25956001,0xaabaa1243cc93572fbba5db700c86deeb4567281d4ff190b27d523cdc128c854,0xdadb0d80178819f2319190d340ce9a924f783711,0xfeeeeee44046c3f61a8cc081e0918ef0de0a7ffc,2026-09-12T02:53:18,selfdestruct_context,0x6aa44a7b,true
25956001,0xe535b6a2b8192bf35b1028fa45359f3ee7a8b48ca8fd19d584ae0de25c85940d,0xa5430cdbf0fc2217eac4d18059a77299ba1ae9bd,0x8f5835e9d756c9bd934bce527157a4b0ef3c5cb7,2026-09-12T02:53:18,dense_internal_fund_flow;large_erc20_asset_flow,0x4a7cf362,true
25956002,0x4fedb734a9a97f73e8d1cf6ea842637e8899f0cf84c04d2ec78c7afcf233ab30,0x5f9acf4e85aa7283e0c16dd94cbc942f9d625151,0xf7c04d03efdc876cc8cb59f0ad58290388edd004,2026-09-12T02:53:19,selfdestruct_context,0xf3fef3a3,false
25956002,0xbac6b6839d7491c4702803b8ce9f8f7f2006a9d745c02407d04371ca18705c7a,0x0b1f4508cc9a5188824eb468d9272a659b0cddcd,0x0c522b4be948160c474916eb331b08a1fc13968a,2026-09-12T02:53:19,large_erc20_asset_flow;complex_trace;high_gas_used_context;token_activity_burst;approval_burst,0x601881f3,true
25956002,0x8713350ee67f3b7adc55d5c459aba27167fe0a927fc0224ac3d6a90e5c265bc3,0x5f1315e407c12912671684192197d78dfe97377c,0x362e7c86accccedd12ea39f0c8cc3f6774012b5f,2026-09-12T02:53:20,complex_trace;high_gas_used_context,0x3aa09e68,false
25956002,0xa523e7ddc88b02faa169cc2ac79504bec19c9d2787818403fb4137e246d60798,0xdadb0d80178819f2319190d340ce9a924f783711,0xfeeeeee44046c3f61a8cc081e0918ef0de0a7ffc,2026-09-12T02:53:20,selfdestruct_context,0x6aa44a87,true
25956003,0x09decd7e543ed09e723d9f66baf7ba1c6c52553a260227a41679e0bae5734cd6,0xe64765ef495e8d797fbf22b91487ae777c863bde,0x0c522b4be948160c474916eb331b08a1fc13968a,2026-09-12T02:53:21,large_erc20_asset_flow;complex_trace;high_gas_used_context;token_activity_burst;approval_burst,0x601881f3,true
25956003,0x3cb2d5bb7a1230142f8c160ff74bcdc719e8189684b1847ecb11316b681d60c4,0x21f93d41012c040bb4151d36c3b0b69111f13782,0x140022b7000081000001094700609300d2187dab,2026-09-12T02:53:21,repeated_internal_token_drain;dense_internal_fund_flow;complex_trace;high_gas_used_context;token_activity_burst;approval_burst;repeated_risky_internal_calls,0xd01d32d6,true
25956003,0x5e2ac6fb67c6720cf90a76e277a0371e908bd930b0a081303d12b45d2b09f442,0x7830c87c02e56aff27fa8ab1241711331fa86f43,0xa9d1e08c7793af67e9d92fe308d5697fb81d3e43,2026-09-12T02:53:21,large_erc20_asset_flow;token_activity_burst,0xca350aa6,true
25956003,0x16fe237b835d350d94f345f0b8c085246e08f66bef5eefdb387e35db720da316,0xe4a5b241f97a328e36556e05d28a95c02a57214a,0x888888888889758f76e7103c6cbf23abbf58f946,2026-09-12T02:53:23,large_erc20_asset_flow;complex_trace;high_gas_used_context;token_activity_burst,0x60fc8466,true
25956003,0x2eae912e93cd1c60b255b8993436c819aa8ebd2174a1f1d46d57bce74d85505c,0x74a435596b7c76d99320ef960fbf6e4750257ac2,,2026-09-12T02:53:23,privileged_execution_context;high_gas_used_context;contract_creation_context,0x60e06040,false
25956003,0x518d29eedffa5869bba74c2cccb8d36b1f25f3d1a0d84ab5044201f33a88ba23,0xdadb0d80178819f2319190d340ce9a924f783711,0xfeeeeee44046c3f61a8cc081e0918ef0de0a7ffc,2026-09-12T02:53:23,selfdestruct_context,0x6aa44a93,true
25956003,0xcb68d41e70fd53751f3ae9314f615223b3f17833c5989c124817ab648fbb20ac,0xdadb0d80178819f2319190d340ce9a924f783711,0xfeeeeee44046c3f61a8cc081e0918ef0de0a7ffc,2026-09-12T02:53:23,selfdestruct_context,0x6aa44a93,true
25956004,0x7c1b7281e3fcb482a2d4f3d2be8573cd1753142e9584bf734a8680e03e0a3979,0xf51ed0b4d9757e8f2eb8c65a0ae7cfe7ac495ee3,0xa2a1bf5a83f9daec2dc364e1c561e937163cb613,2026-09-12T02:54:56,privileged_execution_context,0xae666ab6,false
25956004,0xd862a9162f91ec262ecdd7c83bf975e5beeea3723da90500fa65d81c3443afc2,0xd5e87f1f003f222188cc8c5aeefc8b285738b7e7,0xbc6dbe2c5f172bbb736aa58cfa9bfcb20c85ffe2,2026-09-12T02:55:46,privileged_execution_context;complex_trace;high_gas_used_context;token_activity_burst,0x09c5eabe,false
25956004,0xc782b02463e98e195fe6cee4c81d1037dad2fe3cc349b9d5aba4431d41d64285,0xcce63d2cc906ddd8a59e458c711d10796c7057fb,0x111111125421ca6dc452d289314280a0f8842a65,2026-09-12T02:55:47,dense_internal_fund_flow;complex_trace,0x07ed2379,true
25956004,0xcb29eb34e21c65acd6d103372e3967f938cceef11aa12824b75416cc53c38695,0xe487832018fbd594c84f1db3dfac61cde98a5f36,0x91ff8bbd8ebb07893010d50a48a1609e5ebd8e34,2026-09-12T02:55:47,complex_trace;high_gas_used_context,0x069d1525,false
25956004,0x729f8bad53a9b1313d0aac9dbb41684ada92226eb76a69c86bd08af60c369a2b,0x0bb8dea02eb0b3f2900a50bfa43d9da5bec1ee86,0xcd6db53abd32c1b58265e5468a94efa3b41e37e4,2026-09-12T02:55:48,complex_trace;token_activity_burst;approval_burst,0xa9059cbb,false
25956004,0x0675ee522878028ea9c348252735b5127e6da4d540893ac1ed22dfffb10a5027,0x4838b106fce9647bdf1e7877bf73ce8b0bad5f97,0xfeeeeee44046c3f61a8cc081e0918ef0de0a7ffc,2026-09-12T02:55:49,selfdestruct_context,0x6aa44a9f,true
25956004,0x5a75f5b27a4677ad515b3bad05e25230cf626be8ab7dbe7c704ee7af30422408,0xf88e4e3db8ca35ebfd41076ec4bad483c9c4f805,0xfa86aa141e45da5183b42792d99dede3d26ec515,2026-09-12T02:55:49,complex_trace;high_gas_used_context;approval_burst,0x04117561,false
25956005,0x0d3655e12223c0339e489e1b315c57ae057d57aa9b870d80089e5ad7aaedfdc4,0x8bd6b7362bd0a84477a7c37e5384182eb6605bee,0x87164ec70dba594c4824ef3682dfcec48d7ea9c0,2026-09-12T02:55:51,complex_trace;high_gas_used_context,0x8c2acbda,false
25956005,0x460966369016f0bb7109082ff3fcd683faeda9344c44eb95e5540d3de4383928,0xc07a74ad7e4f05df31b991eb1a3168b92954a923,0xa38fd667d9a890802cc09e90117118a781789684,2026-09-12T02:55:51,complex_trace;high_gas_used_context,0xcbae511a,false
25956005,0x61723fcf7f6f003e84289dcbf8b417133b1e822a3ab43bc7dcf3731534ad521d,0xfb74767c1ce1aada0a0e114441173b57f8c1571b,0xfeeeeee44046c3f61a8cc081e0918ef0de0a7ffc,2026-09-12T02:55:51,selfdestruct_context,0x6aa44aab,true
25956005,0xb8720226f404546dd809d57f5d9c7183f352ba33002ddf4e75ccfd82369bd19b,0x7817c4100e8e51c147c7b7eac1259abbdf47e7f0,0x973a023a77420ba610f06b3858ad991df6d85a08,2026-09-12T02:55:51,large_erc20_asset_flow;complex_trace,0xac9650d8,true
25956005,0xbd8ae91d5fb22db431a6e4b68dd109a35e077ae4f755d2d246bb90164e9af991,0x59aab1bd0d26290274398c07b55955c15425e16b,0x00fe78205f5f0e63b8ad2b2ae5337f538a610e04,2026-09-12T02:55:51,repeated_internal_token_drain;dense_internal_fund_flow;complex_trace;high_gas_used_context;token_activity_burst;repeated_risky_internal_calls,0x34fcd5be,true
25956005,0xc1ad2c4d80e1c8145d81d3db9db6b65c9f7e34930a13b2a4e1cee6dcbd5fdb74,0x0bde59981fdeac219ce9e618d27f193438bff786,0x3a3afa84e98dc97fdc1e4894475a66bd7f3cea79,2026-09-12T02:55:51,large_erc20_asset_flow;complex_trace;token_activity_burst,0xa5019110,true
25956005,0xdd5c49df3f65c927c8c886b2044740c7446e9f69eae1b9480ee738c333624919,0xfb74767c1ce1aada0a0e114441173b57f8c1571b,0xfeeeeee44046c3f61a8cc081e0918ef0de0a7ffc,2026-09-12T02:55:51,selfdestruct_context,0x6aa44aab,true
25956005,0xf1e259b2c91a2c1526a089244473a4ed530cb567a68d5aa78401cda7e58f3b6b,0xfb74767c1ce1aada0a0e114441173b57f8c1571b,0xfeeeeee44046c3f61a8cc081e0918ef0de0a7ffc,2026-09-12T02:55:51,selfdestruct_context,0x6aa44aab,true
25956006,0x9a01426630e157e6118c1c38e71bccd93c4483aefff9c8ab4f84eab9c87d96f4,0xae2fc483527b8ef99eb5d9b44875f005ba1fae13,0x1f2f10d1c40777ae1da742455c65828ff36df387,2026-09-12T02:55:53,dense_internal_fund_flow;complex_trace,0x2bad1c02,true
25956006,0xbe6f03aad217d9b3f18fae141a5b1543f172e81d94935d7d9649717482f6c309,0xae2fc483527b8ef99eb5d9b44875f005ba1fae13,0x1f2f10d1c40777ae1da742455c65828ff36df387,2026-09-12T02:55:53,dense_internal_fund_flow;complex_trace,0x2bd0bd21,true
25956006,0x64025d01ecdc90075e3499387b07338ab7962629610a2b926c7da43735fb1718,0x4838b106fce9647bdf1e7877bf73ce8b0bad5f97,0xfeeeeee44046c3f61a8cc081e0918ef0de0a7ffc,2026-09-12T02:55:59,selfdestruct_context,0x6aa44ab7,true
25956006,0x70f0a02c230e9fa5c4fe6aad9b6b109cdd5fbd1718d9a79c4aeb451a22058a27,0x4838b106fce9647bdf1e7877bf73ce8b0bad5f97,0xfeeeeee44046c3f61a8cc081e0918ef0de0a7ffc,2026-09-12T02:55:59,selfdestruct_context,0x6aa44ab7,true
25956006,0xd34560a7be2beef9e28c6ef5697764c93ea6613caeefe0328bccae5db14b393f,0x9e2c57d720b49dcd275698e81ac4ef3ddd5f38b8,0x3d90f66b534dd8482b181e24655a9e8265316be9,2026-09-12T02:55:59,dense_internal_fund_flow;complex_trace,0x47ee97ff,true
25956006,0xdb93ada9a09716d610c840b704effae8a00e62cad691c0acb8dc5ea16ef279dc,0x0bde59981fdeac219ce9e618d27f193438bff786,0x81463b0f960f247f704377661ec81c1fd65b5128,2026-09-12T02:55:59,complex_trace;high_gas_used_context;token_activity_burst,0xa62af201,false
25956007,0x28a422fc5461e09dddb70d2068799af5a6581405bad21c05f6f3633cec27259a,0x4838b106fce9647bdf1e7877bf73ce8b0bad5f97,0xfeeeeee44046c3f61a8cc081e0918ef0de0a7ffc,2026-09-12T02:56:20,selfdestruct_context,0x6aa44ac3,true
25956007,0xe84e7fbf6b1252f627f7fb6a728a2b69e325de95f0a6ef6abdca4b4b1a99fce2,0x59aab1bd0d26290274398c07b55955c15425e16b,0x00fe78205f5f0e63b8ad2b2ae5337f538a610e04,2026-09-12T02:56:20,complex_trace;token_activity_burst,0x34fcd5be,false
25956007,0xec61f9ddea1c5da5be5ffc60390ead066b296843313b92cae7bacabe60962331,0x4337016838785634c63fce393bfc6222564436c4,0x0000000071727de22e5e9d8baf0edac6f37da032,2026-09-12T02:56:20,large_erc20_asset_flow,0x765e827f,true
25956008,0x22eaa6fad274ce89169c0c767e871af388af09b530b0f781fd2c7d8c5470be8d,0x50bf934781f63028c5c8ef49c4affe19a86d99b6,0x8d04cc7e86e687854eb41d9d43512b655b93184b,2026-09-12T02:56:52,dense_internal_fund_flow;complex_trace;selfdestruct_context,0x4a1bf18a,true
25956008,0x3f93cb23d1b3e325bc755c2046b3ac782e9b39bbd83133023d2e24ad844f339d,0x09cfee647fa339133380191c8db6b44f24500c9d,0x0ca8e8d976df3321f6ff0a8cca96536a51565c81,2026-09-12T02:56:53,high_gas_used_context;token_activity_burst,0xa9059cbb,false
25956008,0x464edbdbdc7d1cc2908bddf750b4a7b5e422627ab803fd29aee2e3d6ed2574c6,0xaa13df8eba614b603379578e979ffcca8079ae52,0x87870bca3f3fd6335c3f4ce8392d69350b4fa4e2,2026-09-12T02:56:53,large_erc20_asset_flow;complex_trace,0x02c205f0,true
25956008,0x6c85aaafba05512550338e597a0cf6135bd942cf3f51936af03f6472470c5818,0x1584a8ee67789d1fe161065388657ad2f2a3c7dd,0x77eb52e44db06777bce478159f25c0d55a295314,2026-09-12T02:56:53,repeated_internal_token_drain;dense_internal_fund_flow;complex_trace;high_gas_used_context;token_activity_burst;repeated_risky_internal_calls,0xa9059cbb,true
25956008,0x9f83c57ebb0e630bf82966f2fb97491c30af861237e56ce3aaf63778c8f55ae6,0x4337003fcd2f56de3977ccb806383e9161628d0e,0x0000000071727de22e5e9d8baf0edac6f37da032,2026-09-12T02:56:53,large_erc20_asset_flow,0x765e827f,true
25956008,0xd9ad25656b06e27d0273f7a87f6bc1a4e41c8b377d566b8190e05a6513c54e8a,0x433700890211c1c776c391d414cffd38efdd1811,0x4337084d9e255ff0702461cf8895ce9e3b5ff108,2026-09-12T02:56:53,large_erc20_asset_flow,0x765e827f,true
25956008,0xf15b7adcf3cc7ab4a4e97da614d37307d0d635ab0e14ae42775a68e0c814d75e,0x4838b106fce9647bdf1e7877bf73ce8b0bad5f97,0xfeeeeee44046c3f61a8cc081e0918ef0de0a7ffc,2026-09-12T02:56:53,selfdestruct_context,0x6aa44acf,true
25956009,0x815b6c7c4cee7bcb1ebc36e20d13cefff2e2d3ecc555695710618c12808c7be6,0x5fa02d4d0fd437ccaed823b243601eeeabb7e24c,0xcd74725122b3f1c776521a8af4183e41c012db88,2026-09-12T02:57:02,dense_internal_fund_flow;large_erc20_asset_flow;complex_trace,0xd7dc6ba0,true
25956009,0xba6cf6cca533c2a4ca904fc2922610464756401be5c8bd1a862fdfdc2a5a696b,0x7830c87c02e56aff27fa8ab1241711331fa86f43,0xa9d1e08c7793af67e9d92fe308d5697fb81d3e43,2026-09-12T02:57:02,large_erc20_asset_flow;token_activity_burst,0xca350aa6,true
25956009,0xee1fb6ac4102dc8141f939fb659541b9af44a4ddee7ffc1c7143f0f69db0d2fa,0x5bd1f937b5d9654df0641fda24b8b76c9c18a331,0xcd74725122b3f1c776521a8af4183e41c012db88,2026-09-12T02:57:02,dense_internal_fund_flow;complex_trace,0xd7dc6ba0,true
25956009,0x08c2f3bd37f4a47355812759abd95a1193c511bf37304ba9bd502aa68c60a06a,0xfb74767c1ce1aada0a0e114441173b57f8c1571b,0xfeeeeee44046c3f61a8cc081e0918ef0de0a7ffc,2026-09-12T02:57:53,selfdestruct_context,0x6aa44adb,true
25956009,0x0f70e739b97a546f4cf71152281bdc6006798b9f2b71e9c28b9e637e99a2a1e9,0xd55df81be2db8d2424ffe90a5e2b8ecb0c71886a,0x8b71140ad2e5d1e7018d2a7f8a288bd3cd38916f,2026-09-12T02:57:53,very_complex_trace;high_gas_used_context,0x297fdfe4,false
25956009,0x300e46b0b1ddd1f847506ac9d2957b50389a8c195230a37df8293126e9a2848a,0xfb74767c1ce1aada0a0e114441173b57f8c1571b,0xfeeeeee44046c3f61a8cc081e0918ef0de0a7ffc,2026-09-12T02:57:53,selfdestruct_context,0x6aa44adb,true
25956009,0x51c41b1719eab0170dc68ad501ecdf13d9e0148c27a37d6184486607d1e38e98,0x062ce42cae04c51d04e77e3d64cc8953a2296ffe,0x8a25a24ede9482c4fc0738f99611be58f1c839ab,2026-09-12T02:57:53,large_erc20_asset_flow;complex_trace;high_gas_used_context;token_activity_burst,0x6a761202,true
25956009,0x5c39e81bb70def14097a221274256d33f25905db9dfdf7408b4c7f233b38c0aa,0xa5cc1b5374835cd87f9cdcf0e5b8cf919b796bbf,,2026-09-12T02:57:53,large_mint_to_sender;high_gas_used_context;contract_creation_context,0x61010034,true
25956009,0x5c8e094b7a86eae89308261e6cb13881c00cd2eb5b1ab99a644041101a6b54ea,0xfb74767c1ce1aada0a0e114441173b57f8c1571b,0xfeeeeee44046c3f61a8cc081e0918ef0de0a7ffc,2026-09-12T02:57:53,selfdestruct_context,0x6aa44adb,true
25956009,0x6050ea8f4a4562b5494ec4680a2f39b610f35832641a2e6caf24f445b826bdb6,0x09cfee647fa339133380191c8db6b44f24500c9d,0x3d9846705612c2db47edf659c48034c752f0da99,2026-09-12T02:57:53,complex_trace;high_gas_used_context,0xd47a1a27,false
25956009,0x9d2c767074a8342d66fea3d10289d7a15f51d26787a565f1708ba45d8a7e9e4e,0x933529c08bae2e634df52c63820fed4b70df1a91,0x0e643041a2edd94d8c2a3ca5c957b8a41bf4cd05,2026-09-12T02:57:53,complex_trace;high_gas_used_context,0x5814d895,false
25956009,0xa7c34f09ca8263db28c13b581eb415693894424722c86146d16778932e3cdbbf,0xfb74767c1ce1aada0a0e114441173b57f8c1571b,0xfeeeeee44046c3f61a8cc081e0918ef0de0a7ffc,2026-09-12T02:57:53,selfdestruct_context,0x6aa44adb,true
25956009,0xbe5fc9bcafb3623e9e74d81517afa658aa6f42415c46a9d37c75cd19e0066bb2,0x09cfee647fa339133380191c8db6b44f24500c9d,0x0ca8e8d976df3321f6ff0a8cca96536a51565c81,2026-09-12T02:57:53,high_gas_used_context;token_activity_burst,0xa9059cbb,false
25956009,0xe2a28a42b08ace7a7074e631a10e339e6f8345f41c5e3893723430b839e46f0a,0xae08dd0c1b1de344adf97402a8630888da44b55a,0x1231deb6f5749ef6ce6943a275a1d3e7486f4eae,2026-09-12T02:57:53,dense_internal_fund_flow;complex_trace,0x736eac0b,true
25956010,0xeb2532285d2ac5d8939481a8bfa78ddd8fc0418d031cfc525d97bf7201939a66,0xe02e3b1cbec07fc8d03b2ed15ddce743403a013b,,2026-09-12T02:57:54,privileged_execution_context;contract_creation_context,0x60806040,false
25956010,0x2dec37c900b24c00caa9b06ccaa9b644457a30699fe0ed5fb97f6cac1f83a364,0x00d9fe085d99b33ab2aae8063180c63e23bf2e69,0x75884f3ada15c953529abaac6549d5204135ec36,2026-09-12T02:57:55,repeated_internal_token_drain;dense_internal_fund_flow;complex_trace;high_gas_used_context;token_activity_burst;repeated_risky_internal_calls,0xa9059cbb,true
25956010,0x656ebf60e67590c25acc193abc7c1c0d000473595f6bfc81d2e45b1a0335aa1b,0x270f3d0e2c8a36e0369ae56c21de947b19bec128,0x1231deb6f5749ef6ce6943a275a1d3e7486f4eae,2026-09-12T02:57:55,dense_internal_fund_flow,0x1794958f,true
25956010,0xd04cb7cfe4881d228bbee161539bf045e808cbf3f1152d2bfa95eeed2bccae5a,0x1ce52d9c4a886dfb220fe09a5ba0937661a0e9d7,0x3884cf9171f53f3cb29bbca1594af8a0efd5567e,2026-09-12T02:57:55,large_erc20_asset_flow;complex_trace,0x03fb13d5,true
25956010,0xd2e98b7040fc3463fcccc2717843809a45ab35099024d1cc4ab74c3b808a6147,0x4838b106fce9647bdf1e7877bf73ce8b0bad5f97,0xfeeeeee44046c3f61a8cc081e0918ef0de0a7ffc,2026-09-12T02:57:56,selfdestruct_context,0x6aa44ae7,true
25956011,0xcac716e71c122947eb5e3efbb5d35cc5d4adabf7c229ae7bf26771287e2bbbc4,0x5c096ef846447cb935c5d247e4ab2a867ecc33a9,0x00000f91109c4d0007e90000d9facad5298a0cac,2026-09-12T02:57:57,large_dex_price_change;dense_internal_fund_flow;very_complex_trace;high_gas_used_context;token_activity_burst;approval_burst,0x00000000,true
25956011,0x60b11736bc88d8d2cebdb1c586c85732f8711e009a4041cf9d995f3d1afb9aaa,0x6c42a0b5d13059fa36d5567ab04f83bab57bbf0e,0xfeeeeee44046c3f61a8cc081e0918ef0de0a7ffc,2026-09-12T02:57:58,selfdestruct_context,0x6aa44af3,true
25956011,0x620b52960b938ef596264f45fe750d88dd5d1da9ff7c4a278a979d0847bf78e7,0x80d04079ffc53eb14edbeeb37279d126f45552df,0xabe043f1464c546a4ab05264c6673ff63e3076be,2026-09-12T02:57:58,repeated_internal_token_drain;dense_internal_fund_flow;complex_trace;token_activity_burst;repeated_risky_internal_calls,0x8aaa8f3b,true
25956011,0x8771b4279030e956dcd34922f30b6681464723752f13f5e4205528518bc12484,0xc7fc841be8abc28a9483d00f4aaf2d88a3092613,0xf1d4c0d0f5158cd2af59cdf85287f21d74c5c968,2026-09-12T02:57:58,large_erc20_asset_flow;complex_trace,0x74098225,true
25956012,0x17299fd834ad5b6d6eabec4f6e059d2cff7bdf38a1d5098ea0c27969ef1544aa,0x00d9fe085d99b33ab2aae8063180c63e23bf2e69,0x75884f3ada15c953529abaac6549d5204135ec36,2026-09-12T02:59:02,repeated_internal_token_drain;dense_internal_fund_flow;complex_trace;high_gas_used_context;token_activity_burst;repeated_risky_internal_calls,0xa9059cbb,true
25956012,0x2e4fabdabc30dfe7dd46c4674c3503f8f27eb310dd04cc4602d8b9dbef85e320,0xd714e1d25067c2421ea58b962d900732f77ab23b,0xcd2bdb8af031d29d2bc38ef08b842d31e344384c,2026-09-12T02:59:02,repeated_internal_token_drain;dense_internal_fund_flow;complex_trace;high_gas_used_context;token_activity_burst;repeated_risky_internal_calls,0xa9059cbb,true
25956012,0x4115302fc955ff5ea099fc01dd7c9d1df30465310dd838d381cf468b0872b605,0x4838b106fce9647bdf1e7877bf73ce8b0bad5f97,0xfeeeeee44046c3f61a8cc081e0918ef0de0a7ffc,2026-09-12T02:59:02,selfdestruct_context,0x6aa44aff,true
25956012,0x7bcdf59c3bf559efea36fd9f6a8944cacf8693ce5b360b807dbb8ea71e162d5c,0x9fc3da866e7df3a1c57ade1a97c9f00a70f010c8,0xfeeeeee44046c3f61a8cc081e0918ef0de0a7ffc,2026-09-12T02:59:02,selfdestruct_context,0x6aa44aff,true
25956012,0x8cccd4be6a16fcb2ed50630893be77576dcdb793b09a7583b562917fc26c32a7,0x8a3999c2a419d11635a5146035824a49c33ca211,0xd226997439ecfbeff8e110c8c78c8a7eefd19f89,2026-09-12T02:59:02,large_erc20_asset_flow;complex_trace,0x99999999,true
25956012,0x9160e8cddf376619ef9d2334aceb4297144d04b50bd400c61df20e41fb0895df,0x2fbf4c11589b8a96a6da17a9c19cc51460aaec65,0x5ff137d4b0fdcd49dca30c7cf57e578a026d2789,2026-09-12T02:59:02,large_erc20_asset_flow;complex_trace,0x1fad948c,true
25956012,0xd2236ab92fa34832ab803042ee3fdd6401523641921c149c975cdd7a961f3ff2,0x2d3faeac23567d32b249b2325689f6f76dda4a28,0x5ff137d4b0fdcd49dca30c7cf57e578a026d2789,2026-09-12T02:59:02,large_erc20_asset_flow;complex_trace,0x1fad948c,true
25956012,0xd5e26574589305f967c8db914128006c61720437cc8c66a1fe3f6daa5948e78b,0xf88e4e3db8ca35ebfd41076ec4bad483c9c4f805,0xfa86aa141e45da5183b42792d99dede3d26ec515,2026-09-12T02:59:02,complex_trace;high_gas_used_context;token_activity_burst;approval_burst,0x04117561,true
25956012,0xeb7d498a3658f460565391797d4f07417635872578979cf30b4eb0b6ea3ea74f,0x053b21bff72426b2848e817dbf6387388fe7f8ec,0x1332a2d2ea33413f0bbab973598bd59f8689da9f,2026-09-12T02:59:02,very_complex_trace;high_gas_used_context,0x4a182fbd,false
