block_num,tx_hash,from,to,detect_time,attack_signals,selector,has_asset_impact
26120696,0x49170cf27aca96730b0395c63735a63f38f5ab9d6e31fffbf3a91684208a7513,0x0e3eb60df4d14b213dc4de53316ed7bcd4aadc87,0x0000000071727de22e5e9d8baf0edac6f37da032,2026-10-05T02:30:32,complex_trace;high_gas_used_context,0x765e827f,false
26120696,0x506255222b9cfa1ba84fe3c34bde30a7fa28b9804f856ad2bac1dd497152b336,0x396343362be2a4da1ce0c1c210945346fb82aa49,0xfeeeeee44046c3f61a8cc081e0918ef0de0a7ffc,2026-10-05T02:30:32,selfdestruct_context,0x6ac2969b,true
26120696,0xc629f54c1a784633d0f8235ccc170c8dafce2c870b110c32cee62a6e9afd8952,0x85a73f63309128d53928ee891e6e11e2b4695c20,0xf0ccfbf6dba1e01ccb833ced6d551a8f000e9721,2026-10-05T02:30:32,complex_trace;high_gas_used_context,0x087be49f,false
26120696,0xd6cfc24483097a93c87e4c72eb2924c81639a1c3649f43acef0ec2747d0d1c96,0x396343362be2a4da1ce0c1c210945346fb82aa49,0xfeeeeee44046c3f61a8cc081e0918ef0de0a7ffc,2026-10-05T02:30:32,selfdestruct_context,0x6ac2969b,true
26120696,0xef2f33a7bae79e9cfba63607c8259afbc6f70dee4267047e39e6ddade7d443ae,0x486eaab71360a0e7bade22509a86815b1a2eada2,0x0000000000000068f116a894984e2db1123eb395,2026-10-05T02:30:32,complex_trace;high_gas_used_context;token_activity_burst,0x87201b41,false
26120697,0x0acdc690d60267dc476c8d35a11a8fc02b8208335e4a1bc99f4e69c1c7a66d7a,0xc3613481a1e201ae2c961b1eb82028e402dab0d1,0x8feab81d36e7576107d5de0758c1b839be31b4f6,2026-10-05T02:31:04,complex_trace;high_gas_used_context,0x0c307f76,false
26120697,0xd700a0038bb9a4ea9f8f63d1565f0b34062510d8126254588076472291104e2d,0x5101e9f4a06cd5e18ba1543b7b03119027c05931,0x8feab81d36e7576107d5de0758c1b839be31b4f6,2026-10-05T02:31:04,complex_trace;high_gas_used_context,0xf2c42696,false
26120697,0xdb6b6416361e00ec6f36f7d1d2321f5374e1026b8759b8f142504cc3455d9c74,0x4ef1f79a3bb79e05e1c0c89c15981ba9fa49adc3,,2026-10-05T02:31:04,selfdestruct_context;contract_creation_context,0x7399912c,true
26120697,0xf2f8d706285de1ea4f8c772e44529c4185fb662db86da83743c72bbfd443c9c1,0x85a73f63309128d53928ee891e6e11e2b4695c20,0xf0ccfbf6dba1e01ccb833ced6d551a8f000e9721,2026-10-05T02:31:04,complex_trace;high_gas_used_context,0x087be49f,false
26120697,0xb59e328d0e3929ea73706a893b2d94ba0979d3c3aa80b2c0ac6e0378463895a3,0xdadb0d80178819f2319190d340ce9a924f783711,0xfeeeeee44046c3f61a8cc081e0918ef0de0a7ffc,2026-10-05T02:31:05,selfdestruct_context,0x6ac296a7,true
26120697,0xbe753e93b275214d7d3c397540fe703f7ef8e18646f2655bb4b43b1881279b4e,0xdadb0d80178819f2319190d340ce9a924f783711,0xfeeeeee44046c3f61a8cc081e0918ef0de0a7ffc,2026-10-05T02:31:05,selfdestruct_context,0x6ac296a7,true
26120698,0x135376cad1d9dfc3a9dcf73d5589f33fe24735701840c0110ca4486564d05ca3,0x680510341cf9d8b76083679cc8b6338c727a8718,0xb300000b72deaeb607a12d5f54773d1c19c7028d,2026-10-05T02:31:07,dense_internal_fund_flow;complex_trace,0x810c705b,true
26120698,0x9d67d146a897e6770135fafe4e123dce0b07c8ea01a93862128b35c07bebe54b,0x85a73f63309128d53928ee891e6e11e2b4695c20,0xf0ccfbf6dba1e01ccb833ced6d551a8f000e9721,2026-10-05T02:31:07,complex_trace;high_gas_used_context,0x087be49f,false
26120698,0x5b4a67f3c9eb87325043521f8926f75867f65230dbfdd8b6c6f1922c329043ca,0xfcda668f825ca1f973b1f241278239cfc4741b51,0xf4e147db314947fc1275a8cbb6cde48c510cd8cf,2026-10-05T02:31:37,privileged_execution_context,0x760d0f9d,false
26120698,0x782612a3beef13baab19b3caad50e21b79e8313ef628b23b587a92b4f5821122,0x396343362be2a4da1ce0c1c210945346fb82aa49,0xfeeeeee44046c3f61a8cc081e0918ef0de0a7ffc,2026-10-05T02:31:37,selfdestruct_context,0x6ac296b3,true
26120698,0xfd8dd84bee72b952b283d38967f1ef21cd2f0117aeeb027c3756fcee748d24aa,0x396343362be2a4da1ce0c1c210945346fb82aa49,0xfeeeeee44046c3f61a8cc081e0918ef0de0a7ffc,2026-10-05T02:31:37,selfdestruct_context,0x6ac296b3,true
26120699,0x120b07ca369dc45e85e349f23f4e030557fd4a39560a35090bbb7e93cce5fde9,0x7830c87c02e56aff27fa8ab1241711331fa86f43,0xa9d1e08c7793af67e9d92fe308d5697fb81d3e43,2026-10-05T02:31:39,dense_internal_fund_flow,0x1a1da075,true
26120699,0x2ddadecd9ae81deac158a0271a376195d706f4b7479009c4aff8544b495afa87,0x85a73f63309128d53928ee891e6e11e2b4695c20,0xf0ccfbf6dba1e01ccb833ced6d551a8f000e9721,2026-10-05T02:31:39,complex_trace;high_gas_used_context,0x087be49f,false
26120699,0xb5231ece1bd7f0862a2d37cada31293e3f653421d4a418c5809f484e0952f071,0xb3d4518cadc7054ec43c61a668c21c3772353f9d,0xd64ef1417eb047ed0b54736a5a41f01178c391c6,2026-10-05T02:31:39,dense_internal_fund_flow;very_complex_trace;high_gas_used_context,0x10c07082,true
26120699,0x40faf36118d4a2db75a5be1d242c0f5628471cef17f0e6fac1f134c8f01f7082,0xe487832018fbd594c84f1db3dfac61cde98a5f36,0x82c89d6ba0881a8b9e804aadfa0955d9acf7ba1f,2026-10-05T02:31:40,very_complex_trace;high_gas_used_context,0x656a7675,false
26120699,0x67d748f79f967430fbebf1626a7cc0f9a6aca153bb4e724f18ea11330aa2e59f,0x4838b106fce9647bdf1e7877bf73ce8b0bad5f97,0xfeeeeee44046c3f61a8cc081e0918ef0de0a7ffc,2026-10-05T02:31:40,selfdestruct_context,0x6ac296bf,true
26120700,0x86782431e7ba83d2305ed7b0b1cd75c5e759ca5cdb6f5d973b5dadcfc64d5fd2,0xfb0404f51e1803d959bcbbd1c0d0caad2918afe6,0x663dc15d3c1ac63ff12e45ab68fea3f0a883c251,2026-10-05T02:32:12,dense_internal_fund_flow;complex_trace;high_gas_used_context;token_activity_burst,0x258c16ee,true
26120700,0xc3f856943d1b93f7090a4a994804d666ff8e80c9968da35bb60c0b1eadfa740a,0x7556699aa8e6a7c9c69bcfaf9debd05f8192b063,0x7f3d4b092559b17f2227699a1f39cd56a90ef749,2026-10-05T02:32:12,complex_trace;high_gas_used_context,0xe587456a,false
26120700,0xfb66b64aeed5c1a2c788e9c81248f8eb919fb79a6bd2d0a86db949412424442b,0x85a73f63309128d53928ee891e6e11e2b4695c20,0xf0ccfbf6dba1e01ccb833ced6d551a8f000e9721,2026-10-05T02:32:12,complex_trace;high_gas_used_context,0x087be49f,false
26120700,0x301cea707f72abb529e8f331413d63be33cca2e6cef261aca6f98c2520d880c1,0xe487832018fbd594c84f1db3dfac61cde98a5f36,0x82c89d6ba0881a8b9e804aadfa0955d9acf7ba1f,2026-10-05T02:32:13,very_complex_trace;high_gas_used_context,0x656a7675,false
26120700,0x4d88dd8aea2710f9be106a4badbbf3b5672cba83a7e94fa03adb13a7cf04de91,0x396343362be2a4da1ce0c1c210945346fb82aa49,0xfeeeeee44046c3f61a8cc081e0918ef0de0a7ffc,2026-10-05T02:32:13,selfdestruct_context,0x6ac296cb,true
26120700,0x5820b750c83060c158280c107804d67ff7bf81c663b45ad038fc712b7f1a0c53,0x396343362be2a4da1ce0c1c210945346fb82aa49,0xfeeeeee44046c3f61a8cc081e0918ef0de0a7ffc,2026-10-05T02:32:13,selfdestruct_context,0x6ac296cb,true
26120700,0xa4941eca3f16f41f8f6531e9c226716bcc5b3f5e7cdb0531a3bce2809ebe1483,0x396343362be2a4da1ce0c1c210945346fb82aa49,0xfeeeeee44046c3f61a8cc081e0918ef0de0a7ffc,2026-10-05T02:32:13,selfdestruct_context,0x6ac296cb,true
26120700,0xeb0538b6c1430ddd9cf73091ba4e63b613a92a743754e4c64c8fd7f622bcaf70,0x396343362be2a4da1ce0c1c210945346fb82aa49,0xfeeeeee44046c3f61a8cc081e0918ef0de0a7ffc,2026-10-05T02:32:13,selfdestruct_context,0x6ac296cb,true
26120701,0x6793fcaa0c8637f53c8cb6d400f9f3427b5216f2d585b3388740dd32db946a05,0xf76b2a36217dd793359cfcd405efc37d830f45cb,0x4313c378cc91ea583c91387b9216e2c03096b27f,2026-10-05T02:32:14,dense_internal_fund_flow;complex_trace,0xeffbec13,true
26120701,0x812dc919f6949b59636b998f36a2dd91a373aa0b43575066121530f4c271df6b,0x85a73f63309128d53928ee891e6e11e2b4695c20,0xf0ccfbf6dba1e01ccb833ced6d551a8f000e9721,2026-10-05T02:32:14,complex_trace;high_gas_used_context,0x087be49f,false
26120701,0xc8350de9ffb06135459766c697ea6a2a9159f8bd590a68b3a6cb776ef45ec06f,0x680510341cf9d8b76083679cc8b6338c727a8718,0xb300000b72deaeb607a12d5f54773d1c19c7028d,2026-10-05T02:32:14,dense_internal_fund_flow,0x810c705b,true
26120701,0x04a9134ff8461683aed1ee8118a60beac677df2b9bc3b5f7b775cf14be6ef8b4,0x85c2e985a4fb5c3ff25ee27ee424abd851e4cb33,0xfeeeeee44046c3f61a8cc081e0918ef0de0a7ffc,2026-10-05T02:32:45,selfdestruct_context,0x6ac296d7,true
26120701,0x0989cbd444bd44a0f84b05826146f656d66bdf713fe0847d6a19e48ba49fc17a,0x85c2e985a4fb5c3ff25ee27ee424abd851e4cb33,0xfeeeeee44046c3f61a8cc081e0918ef0de0a7ffc,2026-10-05T02:32:45,selfdestruct_context,0x6ac296d7,true
26120701,0x0a200b3031f6f533964638b0eeee0311afa692947574a3e45d4b300cd2895917,0x85c2e985a4fb5c3ff25ee27ee424abd851e4cb33,0xfeeeeee44046c3f61a8cc081e0918ef0de0a7ffc,2026-10-05T02:32:45,selfdestruct_context,0x6ac296d7,true
26120701,0x11bf93332be4dcf8e6237ad70ae480bbca13e26426b9e387edc9cd848227c799,0x85c2e985a4fb5c3ff25ee27ee424abd851e4cb33,0xfeeeeee44046c3f61a8cc081e0918ef0de0a7ffc,2026-10-05T02:32:45,selfdestruct_context,0x6ac296d7,true
26120701,0x12795c0c2ba85ffc019f99500a8b635a589571ef3844289dffdd58115f798295,0x85c2e985a4fb5c3ff25ee27ee424abd851e4cb33,0xfeeeeee44046c3f61a8cc081e0918ef0de0a7ffc,2026-10-05T02:32:45,selfdestruct_context,0x6ac296d7,true
26120701,0x14932ec586dbfba74cdb13b58d1f28c0c3aab937496fc8ee024ddd718caf4795,0x56913b32671184ddc60d4f127ecd69c835aa02f3,0xfeeeeee44046c3f61a8cc081e0918ef0de0a7ffc,2026-10-05T02:32:45,selfdestruct_context,0x6ac296d7,true
26120701,0x166c44257d71385d134006be2cf72caf1d2c45b2c44cf62fb3016e501dd1e229,0x85c2e985a4fb5c3ff25ee27ee424abd851e4cb33,0xfeeeeee44046c3f61a8cc081e0918ef0de0a7ffc,2026-10-05T02:32:45,selfdestruct_context,0x6ac296d7,true
26120701,0x25aa1f2f51b43316c21f74d95ef8c1610943b615c37f0d99969e386fb831a347,0x85c2e985a4fb5c3ff25ee27ee424abd851e4cb33,0xfeeeeee44046c3f61a8cc081e0918ef0de0a7ffc,2026-10-05T02:32:45,selfdestruct_context,0x6ac296d7,true
26120701,0x29c8fb107371be13e96c2dad64233c60b3a68c3ecf260d40ba66fa3e8fa1b57f,0x85c2e985a4fb5c3ff25ee27ee424abd851e4cb33,0xfeeeeee44046c3f61a8cc081e0918ef0de0a7ffc,2026-10-05T02:32:45,selfdestruct_context,0x6ac296d7,true
26120701,0x2d97f694fe0622d168fdd7b778031714327aef20e9b36ac688da3039b01faf52,0x85c2e985a4fb5c3ff25ee27ee424abd851e4cb33,0xfeeeeee44046c3f61a8cc081e0918ef0de0a7ffc,2026-10-05T02:32:45,selfdestruct_context,0x6ac296d7,true
26120701,0x2fafc22ccaf1280d0704edd588124fbad30bad289eb50ccd8c3ff44112916328,0x85c2e985a4fb5c3ff25ee27ee424abd851e4cb33,0xfeeeeee44046c3f61a8cc081e0918ef0de0a7ffc,2026-10-05T02:32:45,selfdestruct_context,0x6ac296d7,true
26120701,0x35c70885e69d15637fa34898737878e7258704bf9b7759355abb0460b0f15e5e,0x85c2e985a4fb5c3ff25ee27ee424abd851e4cb33,0xfeeeeee44046c3f61a8cc081e0918ef0de0a7ffc,2026-10-05T02:32:45,selfdestruct_context,0x6ac296d7,true
26120701,0x449dfce5ce72da48f23a96843d79775e475816a6ac5abc8940c5a2a6a9ab9d0f,0x85c2e985a4fb5c3ff25ee27ee424abd851e4cb33,0xfeeeeee44046c3f61a8cc081e0918ef0de0a7ffc,2026-10-05T02:32:45,selfdestruct_context,0x6ac296d7,true
26120701,0x46e10867ca42c8775fe5cd7cd151aa833622d7fa5a60cd81e0340223342dfbcd,0x91355870a334ffc33e84503327773259e3030366,0x67a3a969b1bd73ab22fc90c7bd4441129cc8725c,2026-10-05T02:32:45,dense_internal_fund_flow;token_activity_burst,0xa9059cbb,true
26120701,0x49430afc81870263ce6c87aa01e609730965b6c23e73a245bf4e75e22ce58832,0x85c2e985a4fb5c3ff25ee27ee424abd851e4cb33,0xfeeeeee44046c3f61a8cc081e0918ef0de0a7ffc,2026-10-05T02:32:45,selfdestruct_context,0x6ac296d7,true
26120701,0x567cd98cebe31b06c317d8e0e34054392753d1942bbf7699edccf1c4663476f2,0x85c2e985a4fb5c3ff25ee27ee424abd851e4cb33,0xfeeeeee44046c3f61a8cc081e0918ef0de0a7ffc,2026-10-05T02:32:45,selfdestruct_context,0x6ac296d7,true
26120701,0x65ad73e1ea4456cd11b1755429f17d9a87b246c5664afdfaa4e634bf3ce5d897,0x85c2e985a4fb5c3ff25ee27ee424abd851e4cb33,0xfeeeeee44046c3f61a8cc081e0918ef0de0a7ffc,2026-10-05T02:32:45,selfdestruct_context,0x6ac296d7,true
26120701,0x69f83ac9dad1e662057067e5f819c24c2049ef315443f78e416e2af29e8a04c6,0x85c2e985a4fb5c3ff25ee27ee424abd851e4cb33,0xfeeeeee44046c3f61a8cc081e0918ef0de0a7ffc,2026-10-05T02:32:45,selfdestruct_context,0x6ac296d7,true
26120701,0x6d22d43a4958c7b673585ebde85ca8f772a5d1fa29a00de05e353b9650f37cf3,0x85c2e985a4fb5c3ff25ee27ee424abd851e4cb33,0xfeeeeee44046c3f61a8cc081e0918ef0de0a7ffc,2026-10-05T02:32:45,selfdestruct_context,0x6ac296d7,true
26120701,0x7976a6ce410fd3022e25d7733d00c3bb0d289eeb0888506a0f9445aef1202c3d,0x85c2e985a4fb5c3ff25ee27ee424abd851e4cb33,0xfeeeeee44046c3f61a8cc081e0918ef0de0a7ffc,2026-10-05T02:32:45,selfdestruct_context,0x6ac296d7,true
26120701,0x7bd60df99f14fc37d2bacd42279f5f6830c3935f016b7b77a6697e758b040fed,0x85c2e985a4fb5c3ff25ee27ee424abd851e4cb33,0xfeeeeee44046c3f61a8cc081e0918ef0de0a7ffc,2026-10-05T02:32:45,selfdestruct_context,0x6ac296d7,true
26120701,0x7efa68cd386b4a47ee8ef1851b264706241235df59759aae40440a0c2c94867e,0x85c2e985a4fb5c3ff25ee27ee424abd851e4cb33,0xfeeeeee44046c3f61a8cc081e0918ef0de0a7ffc,2026-10-05T02:32:45,selfdestruct_context,0x6ac296d7,true
26120701,0x7fa552701faafdd722002d20ea36611c0ed64181b29777eaeaca027d5dcfc412,0x85c2e985a4fb5c3ff25ee27ee424abd851e4cb33,0xfeeeeee44046c3f61a8cc081e0918ef0de0a7ffc,2026-10-05T02:32:45,selfdestruct_context,0x6ac296d7,true
26120701,0x94c960c0c20345290df1d33042b7a5d41b444fe0dc225c43398e91072b43fd17,0x85c2e985a4fb5c3ff25ee27ee424abd851e4cb33,0xfeeeeee44046c3f61a8cc081e0918ef0de0a7ffc,2026-10-05T02:32:45,selfdestruct_context,0x6ac296d7,true
26120701,0x9e682e81c179c18b900ea1b1adf6958a07e7362d0e2a2c01b7f5f1c434e4372b,0x85c2e985a4fb5c3ff25ee27ee424abd851e4cb33,0xfeeeeee44046c3f61a8cc081e0918ef0de0a7ffc,2026-10-05T02:32:45,selfdestruct_context,0x6ac296d7,true
26120701,0x9fecdba5b800ec9dd8be3f3032d435724eaa18b96ed78a785747edd8d4b0ce81,0x85c2e985a4fb5c3ff25ee27ee424abd851e4cb33,0xfeeeeee44046c3f61a8cc081e0918ef0de0a7ffc,2026-10-05T02:32:45,selfdestruct_context,0x6ac296d7,true
26120701,0xaa1f98e6856dc65f238cd780a8241793ff9eabfc40b80d2dc0038995c8b68770,0x85c2e985a4fb5c3ff25ee27ee424abd851e4cb33,0xfeeeeee44046c3f61a8cc081e0918ef0de0a7ffc,2026-10-05T02:32:45,selfdestruct_context,0x6ac296d7,true
26120701,0xaabc40cbb2401d29f0d0bcf64e67771329cfdba0b92ab80c6c89825fdd920d9d,0x85c2e985a4fb5c3ff25ee27ee424abd851e4cb33,0xfeeeeee44046c3f61a8cc081e0918ef0de0a7ffc,2026-10-05T02:32:45,selfdestruct_context,0x6ac296d7,true
26120701,0xb3a932d666442da2a40a1dbd67ef6ecc13242cfbabd1e91a4be8b795809096ef,0x85c2e985a4fb5c3ff25ee27ee424abd851e4cb33,0xfeeeeee44046c3f61a8cc081e0918ef0de0a7ffc,2026-10-05T02:32:45,selfdestruct_context,0x6ac296d7,true
26120701,0xb4be1af774412dcf04c0a9fed06b6cb3fd17a83409ed832840e13fda15a3ecb3,0x85c2e985a4fb5c3ff25ee27ee424abd851e4cb33,0xfeeeeee44046c3f61a8cc081e0918ef0de0a7ffc,2026-10-05T02:32:45,selfdestruct_context,0x6ac296d7,true
26120701,0xb542002d2aa8997017b61dda30b203cece2cd938953cce80cb0234cb88bac42f,0x85c2e985a4fb5c3ff25ee27ee424abd851e4cb33,0xfeeeeee44046c3f61a8cc081e0918ef0de0a7ffc,2026-10-05T02:32:45,selfdestruct_context,0x6ac296d7,true
26120701,0xc36ec65456546480b0cc13b030b2fd5a9f4b2690e2d6e22f9a1ed0438681b861,0x85c2e985a4fb5c3ff25ee27ee424abd851e4cb33,0xfeeeeee44046c3f61a8cc081e0918ef0de0a7ffc,2026-10-05T02:32:45,selfdestruct_context,0x6ac296d7,true
26120701,0xc67f9daa43878965e65e42c08b50074a82b35933d97c64bedf59456722978df6,0x85c2e985a4fb5c3ff25ee27ee424abd851e4cb33,0xfeeeeee44046c3f61a8cc081e0918ef0de0a7ffc,2026-10-05T02:32:45,selfdestruct_context,0x6ac296d7,true
26120701,0xcc4d459173153845ce7b204af3d4b8bfb03186df278faf4b74ee2ef502a3aa79,0x85c2e985a4fb5c3ff25ee27ee424abd851e4cb33,0xfeeeeee44046c3f61a8cc081e0918ef0de0a7ffc,2026-10-05T02:32:45,selfdestruct_context,0x6ac296d7,true
26120701,0xdc1305742a30a371e5e8153323b7a63199b477c3a85018c6c63d47cd325cbf8d,0x85c2e985a4fb5c3ff25ee27ee424abd851e4cb33,0xfeeeeee44046c3f61a8cc081e0918ef0de0a7ffc,2026-10-05T02:32:45,selfdestruct_context,0x6ac296d7,true
26120701,0xde7744e1749bc32d6647e31d75fe5a9c6ee04b22abe22a92f9d17816f41af18c,0x85c2e985a4fb5c3ff25ee27ee424abd851e4cb33,0xfeeeeee44046c3f61a8cc081e0918ef0de0a7ffc,2026-10-05T02:32:45,selfdestruct_context,0x6ac296d7,true
26120701,0xe7f15de3f796c838fb13ffac22739df673ef4e93e3d00e026d9092cade5024bb,0x85c2e985a4fb5c3ff25ee27ee424abd851e4cb33,0xfeeeeee44046c3f61a8cc081e0918ef0de0a7ffc,2026-10-05T02:32:45,selfdestruct_context,0x6ac296d7,true
26120701,0xeade07cd0994435612b5279eccfd2a12548cacfd53d39fb71006e58ae7ba8262,0x85c2e985a4fb5c3ff25ee27ee424abd851e4cb33,0xfeeeeee44046c3f61a8cc081e0918ef0de0a7ffc,2026-10-05T02:32:45,selfdestruct_context,0x6ac296d7,true
26120701,0xf55cdb7c2eeb0bc018d879e2e44e76b97a2e968e469e622fec9896f2d84ea30f,0x85c2e985a4fb5c3ff25ee27ee424abd851e4cb33,0xfeeeeee44046c3f61a8cc081e0918ef0de0a7ffc,2026-10-05T02:32:45,selfdestruct_context,0x6ac296d7,true
26120701,0xf70da12d008ce75b0e0503e3e1f7f9c8f4dff12b79bfba116d1587a1da2fbe62,0x85c2e985a4fb5c3ff25ee27ee424abd851e4cb33,0xfeeeeee44046c3f61a8cc081e0918ef0de0a7ffc,2026-10-05T02:32:45,selfdestruct_context,0x6ac296d7,true
26120701,0xfd2f1d6961bc56273981fd91511b313f4e9112fa5ba34e68170ab4bd180193fc,0x85c2e985a4fb5c3ff25ee27ee424abd851e4cb33,0xfeeeeee44046c3f61a8cc081e0918ef0de0a7ffc,2026-10-05T02:32:45,selfdestruct_context,0x6ac296d7,true
26120702,0x34cfe873c4f06805c8bc1797c566e451b0908e4e6cdb3f82b9bb503a11b604e2,0x85a73f63309128d53928ee891e6e11e2b4695c20,0xf0ccfbf6dba1e01ccb833ced6d551a8f000e9721,2026-10-05T02:32:46,complex_trace;high_gas_used_context,0x087be49f,false
26120702,0x6d751f5f33f82934a85d3ff734b2d8a65fd2f0f9088f2edc368d293360195b2b,0x396343362be2a4da1ce0c1c210945346fb82aa49,0xfeeeeee44046c3f61a8cc081e0918ef0de0a7ffc,2026-10-05T02:32:47,selfdestruct_context,0x6ac296e3,true
26120702,0xe5191420011f5c4c13d4f3967c6f7b5f02c5a7301b37c97b660b5391fd5f4de2,0x396343362be2a4da1ce0c1c210945346fb82aa49,0xfeeeeee44046c3f61a8cc081e0918ef0de0a7ffc,2026-10-05T02:32:47,selfdestruct_context,0x6ac296e3,true
26120702,0xead0f957d37fe092c8b1d860b2419a703c559bcff65a3a155fe148afded312c8,0x6ca6abcc4fd3ff4de8e47c80ad4b9a8b66d76050,,2026-10-05T02:32:47,large_mint_to_sender;contract_creation_context,0x60136080,true
26120703,0xbe560ec3c2884259a83207ff6861a61400685cb3945d681e2c171a507c578514,0x28ca69aa89b4bc2b767afdee0634f050d7ed5e53,,2026-10-05T02:33:50,privileged_execution_context;high_gas_used_context;contract_creation_context,0x60a06040,false
26120703,0xc217ffc4d2f6f1bd2d0c3ab9f5a5ff7767063e9880705a1f9291059269fae385,0x834d10cef4e5a75d3edddcbb1c5a94f8094e5713,0xd226997439ecfbeff8e110c8c78c8a7eefd19f89,2026-10-05T02:33:50,major_dex_price_change;complex_trace,0x01040204,true
26120703,0xdc3b08031977f726f3282796d3a82c2755d80629b453ef007877c1b3a06991d4,0x85a73f63309128d53928ee891e6e11e2b4695c20,0xf0ccfbf6dba1e01ccb833ced6d551a8f000e9721,2026-10-05T02:33:50,complex_trace;high_gas_used_context,0x087be49f,false
26120703,0xff81457c6363993638ea54946efa5c14ab5f0085d8c9dcc1339358c58dae5b56,0x4838b106fce9647bdf1e7877bf73ce8b0bad5f97,0xfeeeeee44046c3f61a8cc081e0918ef0de0a7ffc,2026-10-05T02:33:50,selfdestruct_context,0x6ac296ef,true
26120704,0x0ffda891116807d2965de6db81de4ac90f573a99f3df8c9a386a76d83d762a3b,0x4838b106fce9647bdf1e7877bf73ce8b0bad5f97,0xfeeeeee44046c3f61a8cc081e0918ef0de0a7ffc,2026-10-05T02:34:53,selfdestruct_context,0x6ac296fb,true
26120704,0x153d73005495192ad9e67df2b2fb9569b67b8df254237d28ac757a7bd0b4e72e,0x50bf934781f63028c5c8ef49c4affe19a86d99b6,0x8d04cc7e86e687854eb41d9d43512b655b93184b,2026-10-05T02:34:53,dense_internal_fund_flow;complex_trace;selfdestruct_context,0x4a1bf18a,true
26120704,0x1eab3a0197d36f5098eb46684ccf8f0752a780ce3fa306fe737fc6e088a853a0,0x85a73f63309128d53928ee891e6e11e2b4695c20,0xf0ccfbf6dba1e01ccb833ced6d551a8f000e9721,2026-10-05T02:34:53,complex_trace;high_gas_used_context,0x087be49f,false
26120704,0x222a0d0c290eccb067825a0d09099ac5054742fb339c8d754d8babd75f6d357a,0x4838b106fce9647bdf1e7877bf73ce8b0bad5f97,0xfeeeeee44046c3f61a8cc081e0918ef0de0a7ffc,2026-10-05T02:34:53,selfdestruct_context,0x6ac296fb,true
26120704,0x247b5e375c131a91d3211b9f573abe51c3a9463d45722d0e92fb195dfcb14126,0xb3d16d1a9d80effcf48193a987d9a4fe4bbc3b31,0xb92fe925dc43a0ecde6c8b1a2709c170ec4fff4f,2026-10-05T02:34:53,dense_internal_fund_flow;complex_trace,0xcd6e13f7,true
26120704,0x6283780bd96a4e5bbd8a461a7b67c44332ca00680218ab9eaf64c4ae6a36578a,0xf7bac63fc7ceacf0589f25454ecf5c2ce904997c,0xca11bde05977b3631167028862be2a173976ca11,2026-10-05T02:34:53,complex_trace;high_gas_used_context;token_activity_burst,0x252dba42,false
26120704,0x75fef9091400ebcaa42c213a211abff156d65851c4ea8fc06d6f5af07153ed53,0x7830c87c02e56aff27fa8ab1241711331fa86f43,0xa9d1e08c7793af67e9d92fe308d5697fb81d3e43,2026-10-05T02:34:53,dense_internal_fund_flow,0x1a1da075,true
26120704,0xa8aa584d13d4ebe318770251766f369aa7cb665bf68cf4c2f0e702dbb7eebeff,0x43370308b53e3611521ba48e2f7632a5644d7b1f,0x0000000071727de22e5e9d8baf0edac6f37da032,2026-10-05T02:34:53,privileged_execution_context;complex_trace,0x765e827f,false
26120704,0xc75d327b5966ab2ab72a010242ecc469d9ed53f91184f27079c48e735dafde9a,0x4337012eaf1f862b8dbdc6b62a01782ae01ef038,0x4337084d9e255ff0702461cf8895ce9e3b5ff108,2026-10-05T02:34:53,dense_internal_fund_flow;complex_trace,0x765e827f,true
26120704,0xdc02de0eaa7ee0c415fcd4a3124c3040410397a09180b7ea8855325256e8d9dc,0x0bde59981fdeac219ce9e618d27f193438bff786,0x3a3afa84e98dc97fdc1e4894475a66bd7f3cea79,2026-10-05T02:34:53,complex_trace;high_gas_used_context;token_activity_burst,0x0001910b,false
26120705,0x1437c8e1191646a5032a8a05abc616e6ab4f5b8448c8c101f874842011899066,0x4838b106fce9647bdf1e7877bf73ce8b0bad5f97,0xfeeeeee44046c3f61a8cc081e0918ef0de0a7ffc,2026-10-05T02:34:55,selfdestruct_context,0x6ac29707,true
26120705,0x1599f46d145923f95ad8f4a4ac34bfcab0971101695850dd8cc842f4efb09c0e,0x85a73f63309128d53928ee891e6e11e2b4695c20,0xf0ccfbf6dba1e01ccb833ced6d551a8f000e9721,2026-10-05T02:34:55,complex_trace;high_gas_used_context,0x087be49f,false
26120705,0x39b16b52c8a301ffca0b2af4a3f7fec4000293efaf20ff9ffbbe6ba17e0f61ab,0x4838b106fce9647bdf1e7877bf73ce8b0bad5f97,0xfeeeeee44046c3f61a8cc081e0918ef0de0a7ffc,2026-10-05T02:34:55,selfdestruct_context,0x6ac29707,true
26120705,0x42bdd96126dc7d205222920d59ee2a67b8c8574a69fea9e8c736c19a964cf98b,0xe487832018fbd594c84f1db3dfac61cde98a5f36,0x91ff8bbd8ebb07893010d50a48a1609e5ebd8e34,2026-10-05T02:34:55,complex_trace;high_gas_used_context,0x069d1525,false
26120705,0x49c3f418a3d18b830b2fdd405e70b5b71d3d1a8eaab819f0949c0a884b94073c,0x6640697e10522ebc30e77a3677e52e767a5cd25c,0x4ecc9754e80a5f97f54500a750296531219fbf81,2026-10-05T02:34:55,dense_internal_fund_flow;token_activity_burst,0xa9059cbb,true
26120705,0x8e4466569e8c0d0f626d85ab771d043e80f8b9a5351a4e18867b48624f974dca,0x4c187197452b300e890233a7c7230af485d796d7,0x4ecc9754e80a5f97f54500a750296531219fbf81,2026-10-05T02:34:55,dense_internal_fund_flow;high_gas_used_context;token_activity_burst,0xa9059cbb,true
26120705,0x9c7eac38db8906a5f66f877defa756e2d5d695d5708e9e2a3ba623879f7e9f6e,0xdad924f928180faf3491b7ebb7df25116d9b7894,0x8feab81d36e7576107d5de0758c1b839be31b4f6,2026-10-05T02:34:55,complex_trace;high_gas_used_context,0x0c307f76,false
26120705,0xabc9496972119faeb318b3c15c89c6cb5ec4ab8ba89bf11ec92daf0d7b872a06,0x50bf934781f63028c5c8ef49c4affe19a86d99b6,0x8d04cc7e86e687854eb41d9d43512b655b93184b,2026-10-05T02:34:55,selfdestruct_context,0xd20b83bb,false
26120705,0xe65ca33ff8194ea3f70af638ce813ca7073645ebede91debca13dbd46c1723e7,0x47c0a731008bcae586eaf43429e08ffb5a9e66d0,0x4ecc9754e80a5f97f54500a750296531219fbf81,2026-10-05T02:34:55,dense_internal_fund_flow;high_gas_used_context;token_activity_burst,0xa9059cbb,true
26120706,0x526b6aa68702173018a8ab31b6f5f645a53f5cc7f5454202c17793168f7584cc,0x85a73f63309128d53928ee891e6e11e2b4695c20,0xf0ccfbf6dba1e01ccb833ced6d551a8f000e9721,2026-10-05T02:34:57,complex_trace;high_gas_used_context,0x087be49f,false
26120706,0xcad9943b0eb1991e461e6b5b1cc6d2cd2da51db3908fdc980c6f24f8a08bbe20,0xbec69dfce4c1fa8b7843fee1ca85788d84a86b06,0x958c41181182e76f221331b2755b77d9e1426a98,2026-10-05T02:34:57,dense_internal_fund_flow,0xb840cf36,true
26120706,0x04721583d7622d004f30935bcc3c2b4c77133640e47859bccfef3c29b6c37b23,0xe20446cccbfd5f9038e747f1dea8016ecbd94ae5,0x442be06bb5d13711a22ccd3fa382b72a874c5135,2026-10-05T02:35:58,privileged_execution_context,0xf7b5c341,false
26120706,0x3e2262e6944614455bbf35e75c83d52aeff6db758b187819ea10231652bf419f,0x396343362be2a4da1ce0c1c210945346fb82aa49,0xfeeeeee44046c3f61a8cc081e0918ef0de0a7ffc,2026-10-05T02:35:58,selfdestruct_context,0x6ac29713,true
26120706,0x847c4dcc4d00cbf3838f0e2209ab55e2e56ec2481411c2b4711f57d4c6249579,0x373948e44fbb7dadbc446bf972a777f8214d187e,0xb92fe925dc43a0ecde6c8b1a2709c170ec4fff4f,2026-10-05T02:35:58,dense_internal_fund_flow;complex_trace,0xcd6e13f7,true
26120706,0xce0dd17481e829f682e9445538586d335aa93e88b0d812674b800d5c80dccb4f,0x396343362be2a4da1ce0c1c210945346fb82aa49,0xfeeeeee44046c3f61a8cc081e0918ef0de0a7ffc,2026-10-05T02:35:58,selfdestruct_context,0x6ac29713,true
26120706,0xfedcbd43db4313c051793c3cf5f9d25025a079fca9ab186da9ff97f94efea849,0x29278b8c5cf5bf74186bcccc82467f5fa3878612,0x1231deb6f5749ef6ce6943a275a1d3e7486f4eae,2026-10-05T02:35:58,dense_internal_fund_flow,0x1794958f,true
26120707,0x526d7a2d46fb0ca5dff85b680c88fb0357f3b34fe022f8ef711176f6b4fca5fe,0xdad924f928180faf3491b7ebb7df25116d9b7894,0x8feab81d36e7576107d5de0758c1b839be31b4f6,2026-10-05T02:35:59,complex_trace;high_gas_used_context,0x0c307f76,false
26120707,0x00b76eb4df60fc9136da8b80abb561d6cef7b98a7f95ca81b90ce0162688b35d,0x85c2e985a4fb5c3ff25ee27ee424abd851e4cb33,0xfeeeeee44046c3f61a8cc081e0918ef0de0a7ffc,2026-10-05T02:36:00,selfdestruct_context,0x6ac2971f,true
26120707,0x01ff81596335c1a739887ef8d595d00277fc665e585d4f3252684f4c7638bbee,0x85c2e985a4fb5c3ff25ee27ee424abd851e4cb33,0xfeeeeee44046c3f61a8cc081e0918ef0de0a7ffc,2026-10-05T02:36:00,selfdestruct_context,0x6ac2971f,true
26120707,0x0aa6e6fe56cd3d62439eb9f81ab5cfa68b209f82a5f320d2305ed75a833b8ee5,0x85c2e985a4fb5c3ff25ee27ee424abd851e4cb33,0xfeeeeee44046c3f61a8cc081e0918ef0de0a7ffc,2026-10-05T02:36:00,selfdestruct_context,0x6ac2971f,true
26120707,0x0af00e8fdfdaca71fa5873d9a46464fba4107a9a6c561eef4a85affdf6fe2fa3,0x85a73f63309128d53928ee891e6e11e2b4695c20,0xf0ccfbf6dba1e01ccb833ced6d551a8f000e9721,2026-10-05T02:36:00,complex_trace;high_gas_used_context,0x087be49f,false
26120707,0x0df8283a2bf46cb3c7911dfd0b0b222b026be0025986234982dbc8b1e5c91eb6,0x85c2e985a4fb5c3ff25ee27ee424abd851e4cb33,0xfeeeeee44046c3f61a8cc081e0918ef0de0a7ffc,2026-10-05T02:36:00,selfdestruct_context,0x6ac2971f,true
26120707,0x14345175df6a39c9b4f4aea5b3c0bea31042875930701365af20e679441cdc41,0x85c2e985a4fb5c3ff25ee27ee424abd851e4cb33,0xfeeeeee44046c3f61a8cc081e0918ef0de0a7ffc,2026-10-05T02:36:00,selfdestruct_context,0x6ac2971f,true
26120707,0x145755b3514f25e9cf60c0a4057ba602e9a82f54f17263036b2a555995af1619,0x85c2e985a4fb5c3ff25ee27ee424abd851e4cb33,0xfeeeeee44046c3f61a8cc081e0918ef0de0a7ffc,2026-10-05T02:36:00,selfdestruct_context,0x6ac2971f,true
26120707,0x17c919eeb5fb333d8afe81bde3254a04d28a1e4027b74bdfb7c2eb207bffd648,0x85c2e985a4fb5c3ff25ee27ee424abd851e4cb33,0xfeeeeee44046c3f61a8cc081e0918ef0de0a7ffc,2026-10-05T02:36:00,selfdestruct_context,0x6ac2971f,true
26120707,0x1f88ac414842f77d6fd568e37ad15d603516da87b520174eb20c5973e2b459d0,0x85c2e985a4fb5c3ff25ee27ee424abd851e4cb33,0xfeeeeee44046c3f61a8cc081e0918ef0de0a7ffc,2026-10-05T02:36:00,selfdestruct_context,0x6ac2971f,true
26120707,0x23528e33beadb53f92fb25b0d691b03f8701ce60bd9d0cc4f197164248ee7f3d,0x85c2e985a4fb5c3ff25ee27ee424abd851e4cb33,0xfeeeeee44046c3f61a8cc081e0918ef0de0a7ffc,2026-10-05T02:36:00,selfdestruct_context,0x6ac2971f,true
26120707,0x3bf404fbc8e8cc5cde673ce9891640b5e426e146df36a41e81c9abef1182e4b4,0x85c2e985a4fb5c3ff25ee27ee424abd851e4cb33,0xfeeeeee44046c3f61a8cc081e0918ef0de0a7ffc,2026-10-05T02:36:00,selfdestruct_context,0x6ac2971f,true
26120707,0x3c8aba8845de6e1e7e0ea39c19e6ca438ed669c4fa0f0e2112a02d246e749dba,0x85c2e985a4fb5c3ff25ee27ee424abd851e4cb33,0xfeeeeee44046c3f61a8cc081e0918ef0de0a7ffc,2026-10-05T02:36:00,selfdestruct_context,0x6ac2971f,true
26120707,0x43f8ffbf5c999402ac1ae38c24a8aaf148d7f8c10cfe1c3aca773e2772555741,0x85c2e985a4fb5c3ff25ee27ee424abd851e4cb33,0xfeeeeee44046c3f61a8cc081e0918ef0de0a7ffc,2026-10-05T02:36:00,selfdestruct_context,0x6ac2971f,true
26120707,0x46d6dd3344a1dfa6cfe62743966a9e3b744ccf755b77f01c2af31a842d9d60d3,0x4337011463ef6bd863e47e7b5e743d2522261131,0x4337084d9e255ff0702461cf8895ce9e3b5ff108,2026-10-05T02:36:00,dense_internal_fund_flow;complex_trace;high_gas_used_context,0x765e827f,true
26120707,0x4cd1b1da86ce6a07c3153855e9f34c936b071da22cff3be288da94d964a09ada,0x85c2e985a4fb5c3ff25ee27ee424abd851e4cb33,0xfeeeeee44046c3f61a8cc081e0918ef0de0a7ffc,2026-10-05T02:36:00,selfdestruct_context,0x6ac2971f,true
26120707,0x515670845aca93031625f2b69d3bd269ab3c87789eb420325fe6a116c427c878,0x85c2e985a4fb5c3ff25ee27ee424abd851e4cb33,0xfeeeeee44046c3f61a8cc081e0918ef0de0a7ffc,2026-10-05T02:36:00,selfdestruct_context,0x6ac2971f,true
26120707,0x5b0bcb6a4993d45218cecadc65e33c5a71fee6c08cb65c3593e53e1dbdfd3288,0x85c2e985a4fb5c3ff25ee27ee424abd851e4cb33,0xfeeeeee44046c3f61a8cc081e0918ef0de0a7ffc,2026-10-05T02:36:00,selfdestruct_context,0x6ac2971f,true
26120707,0x5b5778b56d3a0a3441398698d682bd0ea488f902945f253c010b801db0f78628,0x85c2e985a4fb5c3ff25ee27ee424abd851e4cb33,0xfeeeeee44046c3f61a8cc081e0918ef0de0a7ffc,2026-10-05T02:36:00,selfdestruct_context,0x6ac2971f,true
26120707,0x5d0946a0eaeeb9f969f08e3366a4f6f529a63d8dff199b2329873aab29d0696a,0x85c2e985a4fb5c3ff25ee27ee424abd851e4cb33,0xfeeeeee44046c3f61a8cc081e0918ef0de0a7ffc,2026-10-05T02:36:00,selfdestruct_context,0x6ac2971f,true
26120707,0x60bc8df8ae9ba7b62d6982bd1941e506014d25cce70075a8981113df4f38cc47,0x85c2e985a4fb5c3ff25ee27ee424abd851e4cb33,0xfeeeeee44046c3f61a8cc081e0918ef0de0a7ffc,2026-10-05T02:36:00,selfdestruct_context,0x6ac2971f,true
26120707,0x643e0a576bd051406d3459dd189dbd10f3b7d2006e22721600c170a5f1b75e5b,0x85c2e985a4fb5c3ff25ee27ee424abd851e4cb33,0xfeeeeee44046c3f61a8cc081e0918ef0de0a7ffc,2026-10-05T02:36:00,selfdestruct_context,0x6ac2971f,true
26120707,0x668f4bd58d3035c9a7c486bbdca022a81c811d87930b3692ee40e94b6e58bbab,0x85c2e985a4fb5c3ff25ee27ee424abd851e4cb33,0xfeeeeee44046c3f61a8cc081e0918ef0de0a7ffc,2026-10-05T02:36:00,selfdestruct_context,0x6ac2971f,true
26120707,0x6860e0efc2a32ab8b8e1c257f3166941348b59cfd099823066ee2f1c204bc722,0x85c2e985a4fb5c3ff25ee27ee424abd851e4cb33,0xfeeeeee44046c3f61a8cc081e0918ef0de0a7ffc,2026-10-05T02:36:00,selfdestruct_context,0x6ac2971f,true
26120707,0x6ae1688b13717d17cc1566de742b8297527f56923d9ffca04c85ee088b0ac85d,0x85c2e985a4fb5c3ff25ee27ee424abd851e4cb33,0xfeeeeee44046c3f61a8cc081e0918ef0de0a7ffc,2026-10-05T02:36:00,selfdestruct_context,0x6ac2971f,true
26120707,0x72e14434d80558d5abf31e762685284bef77552a6bd0cd1c3836a0eaab3a6e11,0x85c2e985a4fb5c3ff25ee27ee424abd851e4cb33,0xfeeeeee44046c3f61a8cc081e0918ef0de0a7ffc,2026-10-05T02:36:00,selfdestruct_context,0x6ac2971f,true
26120707,0x7a13fe872d52dbb81e0cf4f7e028cf9987cc01a6bc48386c638008d349d7bc06,0x85c2e985a4fb5c3ff25ee27ee424abd851e4cb33,0xfeeeeee44046c3f61a8cc081e0918ef0de0a7ffc,2026-10-05T02:36:00,selfdestruct_context,0x6ac2971f,true
26120707,0x7c38724f25f1f312075a49b4e727b5b8f1b49e9059e7fa4c24e6206901eab892,0x85c2e985a4fb5c3ff25ee27ee424abd851e4cb33,0xfeeeeee44046c3f61a8cc081e0918ef0de0a7ffc,2026-10-05T02:36:00,selfdestruct_context,0x6ac2971f,true
26120707,0x88ff7db5c212f58ae1c2a2c6b928cecb9ac03a555e23a93662a75741184811a0,0x85c2e985a4fb5c3ff25ee27ee424abd851e4cb33,0xfeeeeee44046c3f61a8cc081e0918ef0de0a7ffc,2026-10-05T02:36:00,selfdestruct_context,0x6ac2971f,true
26120707,0x8a14500562bad7a0713ee9639ac64f5e01edcaabe81609a47f1aa831508f7d1b,0x85c2e985a4fb5c3ff25ee27ee424abd851e4cb33,0xfeeeeee44046c3f61a8cc081e0918ef0de0a7ffc,2026-10-05T02:36:00,selfdestruct_context,0x6ac2971f,true
26120707,0x8e8187fa390666b66f07d85794740995d34dc815f7e0f9dfbc4c334e9d8fa71a,0x85c2e985a4fb5c3ff25ee27ee424abd851e4cb33,0xfeeeeee44046c3f61a8cc081e0918ef0de0a7ffc,2026-10-05T02:36:00,selfdestruct_context,0x6ac2971f,true
26120707,0x8ea00f6229f76644b0975b53cb55c2d41e4bf64e13b0ee9ecf4278294fd3f6bb,0x85c2e985a4fb5c3ff25ee27ee424abd851e4cb33,0xfeeeeee44046c3f61a8cc081e0918ef0de0a7ffc,2026-10-05T02:36:00,selfdestruct_context,0x6ac2971f,true
26120707,0x91ee9da6d716adbc2d67d391a0f4d1dbca6abde8ff97a817d8d04b223f2d6bd0,0x85c2e985a4fb5c3ff25ee27ee424abd851e4cb33,0xfeeeeee44046c3f61a8cc081e0918ef0de0a7ffc,2026-10-05T02:36:00,selfdestruct_context,0x6ac2971f,true
26120707,0x95573dab9bfcf28181b7588a55f7f66c62d7bb9893aab2fcaae910e0de1a1778,0x85c2e985a4fb5c3ff25ee27ee424abd851e4cb33,0xfeeeeee44046c3f61a8cc081e0918ef0de0a7ffc,2026-10-05T02:36:00,selfdestruct_context,0x6ac2971f,true
26120707,0x98f7fd4c730fa988324d0d61ce5a2f86e64ac8e8b3a799d1e66c2fbf934c7131,0x85c2e985a4fb5c3ff25ee27ee424abd851e4cb33,0xfeeeeee44046c3f61a8cc081e0918ef0de0a7ffc,2026-10-05T02:36:00,selfdestruct_context,0x6ac2971f,true
26120707,0xa11d7e1e22ab95ed9f0bfc97917f37c0455d8882247e1df5f3be5f2350d9be31,0x85c2e985a4fb5c3ff25ee27ee424abd851e4cb33,0xfeeeeee44046c3f61a8cc081e0918ef0de0a7ffc,2026-10-05T02:36:00,selfdestruct_context,0x6ac2971f,true
26120707,0xad304e8b28db20d541117a4b704a9ce78df5ee5114ebc34c6ac0e6c84a4575c8,0x49082c7f03fa21733a7cab47145f182e3d601242,0x0a252663dbcc0b073063d6420a40319e438cfa59,2026-10-05T02:36:00,dense_internal_fund_flow;very_complex_trace;high_gas_used_context;token_activity_burst;selfdestruct_context,0xf5878b9b,true
26120707,0xb243b949bd75beb3ed4bf0837dff484a8f28e1783d36b48f17ec4c2ce5d656d4,0x85c2e985a4fb5c3ff25ee27ee424abd851e4cb33,0xfeeeeee44046c3f61a8cc081e0918ef0de0a7ffc,2026-10-05T02:36:00,selfdestruct_context,0x6ac2971f,true
26120707,0xb8798a3f2a0b5fb3a279d62083ad6e7eff405a2ff4347b907e09324251391c33,0x85c2e985a4fb5c3ff25ee27ee424abd851e4cb33,0xfeeeeee44046c3f61a8cc081e0918ef0de0a7ffc,2026-10-05T02:36:00,selfdestruct_context,0x6ac2971f,true
26120707,0xb948c36d9ca29576a4a8710843819784df2144855a41f809a335e1e939611bb6,0x85c2e985a4fb5c3ff25ee27ee424abd851e4cb33,0xfeeeeee44046c3f61a8cc081e0918ef0de0a7ffc,2026-10-05T02:36:00,selfdestruct_context,0x6ac2971f,true
26120707,0xc572b15e9c0abd66f2c3b15238d7d75812cbd28056ce824d13c9f88f052bb44e,0x85c2e985a4fb5c3ff25ee27ee424abd851e4cb33,0xfeeeeee44046c3f61a8cc081e0918ef0de0a7ffc,2026-10-05T02:36:00,selfdestruct_context,0x6ac2971f,true
26120707,0xced63889bd72fc4da4024940be3c0dd795c0f4bc839135d85ee7ddd561cd782c,0x85c2e985a4fb5c3ff25ee27ee424abd851e4cb33,0xfeeeeee44046c3f61a8cc081e0918ef0de0a7ffc,2026-10-05T02:36:00,selfdestruct_context,0x6ac2971f,true
26120707,0xd9f74d7e7d059357a217a555662ab06de902220b838e257d8ada2b51d87b3aa6,0x85c2e985a4fb5c3ff25ee27ee424abd851e4cb33,0xfeeeeee44046c3f61a8cc081e0918ef0de0a7ffc,2026-10-05T02:36:00,selfdestruct_context,0x6ac2971f,true
26120707,0xdcddb56a5bd4885c9e9d60a24fcf9dfec2261aad6b799abab0bae83296387ec6,0x85c2e985a4fb5c3ff25ee27ee424abd851e4cb33,0xfeeeeee44046c3f61a8cc081e0918ef0de0a7ffc,2026-10-05T02:36:00,selfdestruct_context,0x6ac2971f,true
26120707,0xdf163e3e31e2d811112b215429928306a4f3a982e288b0071b1aec2d6d101c3a,0x56913b32671184ddc60d4f127ecd69c835aa02f3,0xfeeeeee44046c3f61a8cc081e0918ef0de0a7ffc,2026-10-05T02:36:00,selfdestruct_context,0x6ac2971f,true
26120707,0xe446da9fe22bcb9204406d9af701f85c1b4b2a134013233f4c189ff702f0e628,0x85c2e985a4fb5c3ff25ee27ee424abd851e4cb33,0xfeeeeee44046c3f61a8cc081e0918ef0de0a7ffc,2026-10-05T02:36:00,selfdestruct_context,0x6ac2971f,true
26120707,0xe46c70f3ec7829631a8bbd57d4ced95824fe81d464c0de80a137529878538aa4,0x85c2e985a4fb5c3ff25ee27ee424abd851e4cb33,0xfeeeeee44046c3f61a8cc081e0918ef0de0a7ffc,2026-10-05T02:36:00,selfdestruct_context,0x6ac2971f,true
26120707,0xf361faf2a5574b01055a47cb9ac9e18b087c571b62785942540fe72cd7db4447,0x85c2e985a4fb5c3ff25ee27ee424abd851e4cb33,0xfeeeeee44046c3f61a8cc081e0918ef0de0a7ffc,2026-10-05T02:36:00,selfdestruct_context,0x6ac2971f,true
26120709,0x4793509bac94b5b4fdbf4b4676ebf8b82da5a50a2a17bf9a3452a0280e71ad0a,0x85a73f63309128d53928ee891e6e11e2b4695c20,0xf0ccfbf6dba1e01ccb833ced6d551a8f000e9721,2026-10-05T02:36:34,complex_trace;high_gas_used_context,0x087be49f,false
26120709,0x5d4b1f6c7c30398ba4d2814400ac1c95d7bf77a850a2080b5d1e9d0fed18ca14,0x49082c7f03fa21733a7cab47145f182e3d601242,0x0a252663dbcc0b073063d6420a40319e438cfa59,2026-10-05T02:36:34,dense_internal_fund_flow;large_mint_to_sender;very_complex_trace;high_gas_used_context;token_activity_burst;selfdestruct_context,0xf5878b9b,true
26120709,0xd3061722655971c40488e7277ff010f9b874fbacc8c5397742aaf24c1d82cb48,0xc6acbee42e9e323140c1ed060c2f6ea9cc3b4b75,0x7c5a71c9fefbc7691f9d4ac7baf70c743792f716,2026-10-05T02:36:34,selfdestruct_context,0xf3fef3a3,false
26120709,0xe3c3bb15b57d06b23091ca32d8ca53ca0f2c6b185876b52afdf895aa5403b662,0xe487832018fbd594c84f1db3dfac61cde98a5f36,0x82c89d6ba0881a8b9e804aadfa0955d9acf7ba1f,2026-10-05T02:36:34,complex_trace;high_gas_used_context,0x656a7675,false
26120709,0x01c56db433fa1455b9db08da56c0ed5645c84c1fc8ad636f069c71ee538f9fb2,0x85c2e985a4fb5c3ff25ee27ee424abd851e4cb33,0xfeeeeee44046c3f61a8cc081e0918ef0de0a7ffc,2026-10-05T02:36:35,selfdestruct_context,0x6ac29737,true
26120709,0x01ea90421ae54e6fb05b118c96e62a974fc497075ab6925b184188e0becabdfa,0x85c2e985a4fb5c3ff25ee27ee424abd851e4cb33,0xfeeeeee44046c3f61a8cc081e0918ef0de0a7ffc,2026-10-05T02:36:35,selfdestruct_context,0x6ac29737,true
26120709,0x02a0e2ffa37f521e4a5c4de5a7407b8134cd39a042bf0d455156444483ed7188,0x85c2e985a4fb5c3ff25ee27ee424abd851e4cb33,0xfeeeeee44046c3f61a8cc081e0918ef0de0a7ffc,2026-10-05T02:36:35,selfdestruct_context,0x6ac29737,true
26120709,0x076fd9b7fa43db90030f78ac150d7c44fd23cfdb4867d12130b0bb7913e659b9,0x85c2e985a4fb5c3ff25ee27ee424abd851e4cb33,0xfeeeeee44046c3f61a8cc081e0918ef0de0a7ffc,2026-10-05T02:36:35,selfdestruct_context,0x6ac29737,true
26120709,0x077847205bd7877a697de7a51a881dee4c4b668b0a0a279875cbe06bb182c046,0x85c2e985a4fb5c3ff25ee27ee424abd851e4cb33,0xfeeeeee44046c3f61a8cc081e0918ef0de0a7ffc,2026-10-05T02:36:35,selfdestruct_context,0x6ac29737,true
26120709,0x079efe829764ca06a26d21c5bc76b9cabbfabe2611883223ec3c326901200ae8,0x85c2e985a4fb5c3ff25ee27ee424abd851e4cb33,0xfeeeeee44046c3f61a8cc081e0918ef0de0a7ffc,2026-10-05T02:36:35,selfdestruct_context,0x6ac29737,true
26120709,0x07d047c508097776b2e0d77bca1cc4a15b292bfa85931a9b4391ff63991b8ccc,0x85c2e985a4fb5c3ff25ee27ee424abd851e4cb33,0xfeeeeee44046c3f61a8cc081e0918ef0de0a7ffc,2026-10-05T02:36:35,selfdestruct_context,0x6ac29737,true
26120709,0x0fad4636b0860a03539e465713c0f17897d33a3184f13751453ad2cd663f0763,0x85c2e985a4fb5c3ff25ee27ee424abd851e4cb33,0xfeeeeee44046c3f61a8cc081e0918ef0de0a7ffc,2026-10-05T02:36:35,selfdestruct_context,0x6ac29737,true
26120709,0x11d55f27f6674418e934be42c278f2ba3093e19525c900c3aebf1ea01f80c9d7,0x85c2e985a4fb5c3ff25ee27ee424abd851e4cb33,0xfeeeeee44046c3f61a8cc081e0918ef0de0a7ffc,2026-10-05T02:36:35,selfdestruct_context,0x6ac29737,true
26120709,0x134e465e94befc6b273594741e1bd01767c7683adc0cf2f8e78c1b6b9190dcbf,0x85c2e985a4fb5c3ff25ee27ee424abd851e4cb33,0xfeeeeee44046c3f61a8cc081e0918ef0de0a7ffc,2026-10-05T02:36:35,selfdestruct_context,0x6ac29737,true
26120709,0x18c7a705d1bbaabb8efe22b8ed8d27fee59afa3ba41217fdf09e08654c650704,0x85c2e985a4fb5c3ff25ee27ee424abd851e4cb33,0xfeeeeee44046c3f61a8cc081e0918ef0de0a7ffc,2026-10-05T02:36:35,selfdestruct_context,0x6ac29737,true
26120709,0x1dd7d71413256004c798fced65a20f42cf4e936ca7386efd14ca2629f4e850a8,0x85c2e985a4fb5c3ff25ee27ee424abd851e4cb33,0xfeeeeee44046c3f61a8cc081e0918ef0de0a7ffc,2026-10-05T02:36:35,selfdestruct_context,0x6ac29737,true
26120709,0x22530cfb6bb47b03e5f0ff1e84eb93fb4614501854a37959cbfc1f191f4d802d,0x85c2e985a4fb5c3ff25ee27ee424abd851e4cb33,0xfeeeeee44046c3f61a8cc081e0918ef0de0a7ffc,2026-10-05T02:36:35,selfdestruct_context,0x6ac29737,true
26120709,0x2265f9eae41c461045c89c1631ad8521ffdbb48eaffe930f7e8fee01b9478522,0x85c2e985a4fb5c3ff25ee27ee424abd851e4cb33,0xfeeeeee44046c3f61a8cc081e0918ef0de0a7ffc,2026-10-05T02:36:35,selfdestruct_context,0x6ac29737,true
26120709,0x22d97c71d36b1f3eeefc9359d69e2d714f251d16a5b8a9ad3bec40c1a88b5a45,0x85c2e985a4fb5c3ff25ee27ee424abd851e4cb33,0xfeeeeee44046c3f61a8cc081e0918ef0de0a7ffc,2026-10-05T02:36:35,selfdestruct_context,0x6ac29737,true
26120709,0x29da5dd99bc42194a3d31a1cffe0713933bd9504c0677822f1e37b29b00a9121,0x85c2e985a4fb5c3ff25ee27ee424abd851e4cb33,0xfeeeeee44046c3f61a8cc081e0918ef0de0a7ffc,2026-10-05T02:36:35,selfdestruct_context,0x6ac29737,true
26120709,0x29f72c218300f592f3964e762dfd01393bfdce1073ee01f6585f7d35506ccdcd,0x85c2e985a4fb5c3ff25ee27ee424abd851e4cb33,0xfeeeeee44046c3f61a8cc081e0918ef0de0a7ffc,2026-10-05T02:36:35,selfdestruct_context,0x6ac29737,true
26120709,0x2a413d502c3261b1b31ad6f5ea933931b8dd4b88433cf2a460be243d2d5d6d45,0x85c2e985a4fb5c3ff25ee27ee424abd851e4cb33,0xfeeeeee44046c3f61a8cc081e0918ef0de0a7ffc,2026-10-05T02:36:35,selfdestruct_context,0x6ac29737,true
26120709,0x2d08bd6af1fa19b6425ff0ed7a337552ec6abf4a42803335c49d93a686e41dac,0x85c2e985a4fb5c3ff25ee27ee424abd851e4cb33,0xfeeeeee44046c3f61a8cc081e0918ef0de0a7ffc,2026-10-05T02:36:35,selfdestruct_context,0x6ac29737,true
26120709,0x2f988609edc0828dafff3a8a37dda255753e99f921bae2875b827313a7e73bde,0x85c2e985a4fb5c3ff25ee27ee424abd851e4cb33,0xfeeeeee44046c3f61a8cc081e0918ef0de0a7ffc,2026-10-05T02:36:35,selfdestruct_context,0x6ac29737,true
26120709,0x314b4908c46af351a8230e16a150f2daf0b900c6236f321bd7f3f0c52c7301c9,0x85c2e985a4fb5c3ff25ee27ee424abd851e4cb33,0xfeeeeee44046c3f61a8cc081e0918ef0de0a7ffc,2026-10-05T02:36:35,selfdestruct_context,0x6ac29737,true
26120709,0x328b3e0d5c5d885c2851c1a7b48daf83513c9def0754b7e0f2b61a14fca9a228,0x85c2e985a4fb5c3ff25ee27ee424abd851e4cb33,0xfeeeeee44046c3f61a8cc081e0918ef0de0a7ffc,2026-10-05T02:36:35,selfdestruct_context,0x6ac29737,true
26120709,0x32dc72b4254ce0fdf53e58fe83a8d0717784bd0fe1315bf6474a01b8c26933aa,0x85c2e985a4fb5c3ff25ee27ee424abd851e4cb33,0xfeeeeee44046c3f61a8cc081e0918ef0de0a7ffc,2026-10-05T02:36:35,selfdestruct_context,0x6ac29737,true
26120709,0x364ab446f7af8ffb38cbce20761012162d2d80b4b3d14e7583dc94729da378c6,0x85c2e985a4fb5c3ff25ee27ee424abd851e4cb33,0xfeeeeee44046c3f61a8cc081e0918ef0de0a7ffc,2026-10-05T02:36:35,selfdestruct_context,0x6ac29737,true
26120709,0x3f8421c134c6f4dc48f6b04b65af2f317fcbb6fa07adeada20cffebec3eb9aab,0x85c2e985a4fb5c3ff25ee27ee424abd851e4cb33,0xfeeeeee44046c3f61a8cc081e0918ef0de0a7ffc,2026-10-05T02:36:35,selfdestruct_context,0x6ac29737,true
26120709,0x3f90d457089845b1a7ff43b71fa98231fa04c66938a3fb6a3cc61a90d1a4098e,0x85c2e985a4fb5c3ff25ee27ee424abd851e4cb33,0xfeeeeee44046c3f61a8cc081e0918ef0de0a7ffc,2026-10-05T02:36:35,selfdestruct_context,0x6ac29737,true
26120709,0x411a490bf6554f30b0e739404428ef203bb60861ae5c10ba40f26f2146dda049,0x85c2e985a4fb5c3ff25ee27ee424abd851e4cb33,0xfeeeeee44046c3f61a8cc081e0918ef0de0a7ffc,2026-10-05T02:36:35,selfdestruct_context,0x6ac29737,true
26120709,0x435e604ab1546c58f1228ef17de74fc9b20e7df3faceab640c44c492d21a1a07,0x85c2e985a4fb5c3ff25ee27ee424abd851e4cb33,0xfeeeeee44046c3f61a8cc081e0918ef0de0a7ffc,2026-10-05T02:36:35,selfdestruct_context,0x6ac29737,true
26120709,0x472adf5137d591cbee426996c0fa557759f6d2375ca1575bdd1bec74d4acd214,0x85c2e985a4fb5c3ff25ee27ee424abd851e4cb33,0xfeeeeee44046c3f61a8cc081e0918ef0de0a7ffc,2026-10-05T02:36:35,selfdestruct_context,0x6ac29737,true
26120709,0x54cb8788e35418ed57e6ae028dd4756392bc14558779a1585e58b04baefce066,0x85c2e985a4fb5c3ff25ee27ee424abd851e4cb33,0xfeeeeee44046c3f61a8cc081e0918ef0de0a7ffc,2026-10-05T02:36:35,selfdestruct_context,0x6ac29737,true
26120709,0x5971fa6abf41a9a5dca0e385713c6178fc9ea34cba6134c7143696ba9f114578,0x85c2e985a4fb5c3ff25ee27ee424abd851e4cb33,0xfeeeeee44046c3f61a8cc081e0918ef0de0a7ffc,2026-10-05T02:36:35,selfdestruct_context,0x6ac29737,true
26120709,0x5aa8b41f6f3b0ba6d1931a49d9643dd9790209486f05bfd82ba256f8ba925ba7,0x85c2e985a4fb5c3ff25ee27ee424abd851e4cb33,0xfeeeeee44046c3f61a8cc081e0918ef0de0a7ffc,2026-10-05T02:36:35,selfdestruct_context,0x6ac29737,true
26120709,0x5b37852b76aaac463edb96ac5371f93d23cb1e23bad2abcec5a7a07a19aa14e6,0x85c2e985a4fb5c3ff25ee27ee424abd851e4cb33,0xfeeeeee44046c3f61a8cc081e0918ef0de0a7ffc,2026-10-05T02:36:35,selfdestruct_context,0x6ac29737,true
26120709,0x5b5e75b5a4176b413c3cbbb0fa3fe593d137a75475e9104ebab8cc100869144a,0x85c2e985a4fb5c3ff25ee27ee424abd851e4cb33,0xfeeeeee44046c3f61a8cc081e0918ef0de0a7ffc,2026-10-05T02:36:35,selfdestruct_context,0x6ac29737,true
26120709,0x5c940391d205e9b7ec9e381d0f5fb86ac5c49628b9b8cde8d37c573b3727b214,0x85c2e985a4fb5c3ff25ee27ee424abd851e4cb33,0xfeeeeee44046c3f61a8cc081e0918ef0de0a7ffc,2026-10-05T02:36:35,selfdestruct_context,0x6ac29737,true
26120709,0x5ce7652cce495b1f5f0d994078e3f8df9992b50daf2f36b17543d6c311effe3d,0x85c2e985a4fb5c3ff25ee27ee424abd851e4cb33,0xfeeeeee44046c3f61a8cc081e0918ef0de0a7ffc,2026-10-05T02:36:35,selfdestruct_context,0x6ac29737,true
26120709,0x63022ab76778a8102ddf17df91c3140fd873ceefcf54ad92343e2f2119edae44,0x85c2e985a4fb5c3ff25ee27ee424abd851e4cb33,0xfeeeeee44046c3f61a8cc081e0918ef0de0a7ffc,2026-10-05T02:36:35,selfdestruct_context,0x6ac29737,true
26120709,0x648dc271c3b971678943728a7bd3c0784c94871ae5af30572a38a2f62734147e,0x85c2e985a4fb5c3ff25ee27ee424abd851e4cb33,0xfeeeeee44046c3f61a8cc081e0918ef0de0a7ffc,2026-10-05T02:36:35,selfdestruct_context,0x6ac29737,true
26120709,0x699e371a1c7388355156ea2df85dbdc723da13dcd11918f01f248ea6a49e2675,0x85c2e985a4fb5c3ff25ee27ee424abd851e4cb33,0xfeeeeee44046c3f61a8cc081e0918ef0de0a7ffc,2026-10-05T02:36:35,selfdestruct_context,0x6ac29737,true
26120709,0x701259ca197291ea30771ba925fecc97cc07772925a52f45ad92861838eeab5c,0x85c2e985a4fb5c3ff25ee27ee424abd851e4cb33,0xfeeeeee44046c3f61a8cc081e0918ef0de0a7ffc,2026-10-05T02:36:35,selfdestruct_context,0x6ac29737,true
26120709,0x73afb5373c8b80e66f5eabc59cbd242801fdfaf5a9ff98ba3858d45ea5db8826,0x85c2e985a4fb5c3ff25ee27ee424abd851e4cb33,0xfeeeeee44046c3f61a8cc081e0918ef0de0a7ffc,2026-10-05T02:36:35,selfdestruct_context,0x6ac29737,true
26120709,0x7752c3b3fef71819b2aa45da836904e5d196ca3e7dc8562d2f18bf326108f1ce,0x85c2e985a4fb5c3ff25ee27ee424abd851e4cb33,0xfeeeeee44046c3f61a8cc081e0918ef0de0a7ffc,2026-10-05T02:36:35,selfdestruct_context,0x6ac29737,true
26120709,0x78a9b3b7dc20ce03aec6ec0b448ee2c41a786677a37af4c3aa7e71df528f563a,0x85c2e985a4fb5c3ff25ee27ee424abd851e4cb33,0xfeeeeee44046c3f61a8cc081e0918ef0de0a7ffc,2026-10-05T02:36:35,selfdestruct_context,0x6ac29737,true
26120709,0x7967afc64f52c8fd81aab6aae0820b4f000e4b4f08989d925ab307660088a8b2,0x56913b32671184ddc60d4f127ecd69c835aa02f3,0xfeeeeee44046c3f61a8cc081e0918ef0de0a7ffc,2026-10-05T02:36:35,selfdestruct_context,0x6ac29737,true
26120709,0x7ae8176c93906e0c6b08048015940b2f74280f5d0eb45e52a3369d63a8b9d51d,0x85c2e985a4fb5c3ff25ee27ee424abd851e4cb33,0xfeeeeee44046c3f61a8cc081e0918ef0de0a7ffc,2026-10-05T02:36:35,selfdestruct_context,0x6ac29737,true
26120709,0x80946729cd84e91ac77f160a890efa2b0528583e6874bc2df4b014786188dc83,0x85c2e985a4fb5c3ff25ee27ee424abd851e4cb33,0xfeeeeee44046c3f61a8cc081e0918ef0de0a7ffc,2026-10-05T02:36:35,selfdestruct_context,0x6ac29737,true
26120709,0x80eb6515140a194c9e75c0a56b6ef700f91ee1c8361ac1042d4c7ee02c83ef94,0x85c2e985a4fb5c3ff25ee27ee424abd851e4cb33,0xfeeeeee44046c3f61a8cc081e0918ef0de0a7ffc,2026-10-05T02:36:35,selfdestruct_context,0x6ac29737,true
26120709,0x81058e7efa94f6229feccb41f7747bcce8d565fddbe2538e391ec43c5c43826d,0x85c2e985a4fb5c3ff25ee27ee424abd851e4cb33,0xfeeeeee44046c3f61a8cc081e0918ef0de0a7ffc,2026-10-05T02:36:35,selfdestruct_context,0x6ac29737,true
26120709,0x8188afccc760f8d89bc09b6bd6db7903439562858bce3e63526d2c7b25aa5b88,0x85c2e985a4fb5c3ff25ee27ee424abd851e4cb33,0xfeeeeee44046c3f61a8cc081e0918ef0de0a7ffc,2026-10-05T02:36:35,selfdestruct_context,0x6ac29737,true
26120709,0x89258574740c2f90ed9dd2c0339c94ca91c5047b86abd84dbb26996a6757b8bb,0x85c2e985a4fb5c3ff25ee27ee424abd851e4cb33,0xfeeeeee44046c3f61a8cc081e0918ef0de0a7ffc,2026-10-05T02:36:35,selfdestruct_context,0x6ac29737,true
26120709,0x8aae8bfd6fb5191c69f2f63d214c6d37ba9ff540f571664f3d121878224bd01f,0x85c2e985a4fb5c3ff25ee27ee424abd851e4cb33,0xfeeeeee44046c3f61a8cc081e0918ef0de0a7ffc,2026-10-05T02:36:35,selfdestruct_context,0x6ac29737,true
26120709,0x8b23f00c17825cc50cad4d0e32bb89359fe8847967cb8b0ed08a5796fcc39461,0x85c2e985a4fb5c3ff25ee27ee424abd851e4cb33,0xfeeeeee44046c3f61a8cc081e0918ef0de0a7ffc,2026-10-05T02:36:35,selfdestruct_context,0x6ac29737,true
26120709,0x8bf7f080af365b55f3b09c94d411157f3d42cd8389ed6e824a44a21e19792be6,0x85c2e985a4fb5c3ff25ee27ee424abd851e4cb33,0xfeeeeee44046c3f61a8cc081e0918ef0de0a7ffc,2026-10-05T02:36:35,selfdestruct_context,0x6ac29737,true
26120709,0x9620d8310082be645d0f05308d0c5031b4ac37223d64dac6310a8da31b72fc84,0x85c2e985a4fb5c3ff25ee27ee424abd851e4cb33,0xfeeeeee44046c3f61a8cc081e0918ef0de0a7ffc,2026-10-05T02:36:35,selfdestruct_context,0x6ac29737,true
26120709,0xa5864720614919223d1e9122c0889ab08f8b009c7ff811de0f54822e8a5f185f,0x85c2e985a4fb5c3ff25ee27ee424abd851e4cb33,0xfeeeeee44046c3f61a8cc081e0918ef0de0a7ffc,2026-10-05T02:36:35,selfdestruct_context,0x6ac29737,true
26120709,0xa88ba1a73d9be2b216d90e8b00726169311a12e0e781b3cab2dc4cc88c810e15,0x85c2e985a4fb5c3ff25ee27ee424abd851e4cb33,0xfeeeeee44046c3f61a8cc081e0918ef0de0a7ffc,2026-10-05T02:36:35,selfdestruct_context,0x6ac29737,true
26120709,0xad156b5bfb06bb788b1a6274bb78746559fe827d1081e9ded3d881688f455676,0x85c2e985a4fb5c3ff25ee27ee424abd851e4cb33,0xfeeeeee44046c3f61a8cc081e0918ef0de0a7ffc,2026-10-05T02:36:35,selfdestruct_context,0x6ac29737,true
26120709,0xb5cb43a15d8c28bafbeb70cd08f9cec75cd6ee4d50653a6b275e23d52ad9e403,0x85c2e985a4fb5c3ff25ee27ee424abd851e4cb33,0xfeeeeee44046c3f61a8cc081e0918ef0de0a7ffc,2026-10-05T02:36:35,selfdestruct_context,0x6ac29737,true
26120709,0xb6f7141fc3f30e3f7b3bda530a0d626b62c4aa31d6583e56b570c0be382e3e23,0x85c2e985a4fb5c3ff25ee27ee424abd851e4cb33,0xfeeeeee44046c3f61a8cc081e0918ef0de0a7ffc,2026-10-05T02:36:35,selfdestruct_context,0x6ac29737,true
26120709,0xb790d307af7adb165ade015b9522d597c3822c7cb8c282343595cd4220d40c16,0x85c2e985a4fb5c3ff25ee27ee424abd851e4cb33,0xfeeeeee44046c3f61a8cc081e0918ef0de0a7ffc,2026-10-05T02:36:35,selfdestruct_context,0x6ac29737,true
26120709,0xb884500a4ac5478a4ec17e463f80af8b866ce9865f47b42a5967620ba51a451d,0x85c2e985a4fb5c3ff25ee27ee424abd851e4cb33,0xfeeeeee44046c3f61a8cc081e0918ef0de0a7ffc,2026-10-05T02:36:35,selfdestruct_context,0x6ac29737,true
26120709,0xbbe17376fcb3d0fafdf8b714a907712d51bce8629dfe5b4735a9c095e40c1fc2,0x85c2e985a4fb5c3ff25ee27ee424abd851e4cb33,0xfeeeeee44046c3f61a8cc081e0918ef0de0a7ffc,2026-10-05T02:36:35,selfdestruct_context,0x6ac29737,true
26120709,0xbc88bb0400b2eafdb847522e95f0a5817fcef0135c0db812d9b608f040634a29,0x85c2e985a4fb5c3ff25ee27ee424abd851e4cb33,0xfeeeeee44046c3f61a8cc081e0918ef0de0a7ffc,2026-10-05T02:36:35,selfdestruct_context,0x6ac29737,true
26120709,0xbcd8bef5f40f014ccf9b239ecba6cd67818cf79eed0b1ce5e9c92ebdd4dd18c1,0x85c2e985a4fb5c3ff25ee27ee424abd851e4cb33,0xfeeeeee44046c3f61a8cc081e0918ef0de0a7ffc,2026-10-05T02:36:35,selfdestruct_context,0x6ac29737,true
26120709,0xbdd53a80a8db155c430e49422ea84ae73cd892f4698addbbcca4a7e575737cf3,0x85c2e985a4fb5c3ff25ee27ee424abd851e4cb33,0xfeeeeee44046c3f61a8cc081e0918ef0de0a7ffc,2026-10-05T02:36:35,selfdestruct_context,0x6ac29737,true
26120709,0xc214a9415ba448d1c2d861275c7dcebf81fc2025982ebca29d43ba3433b0d65a,0x85c2e985a4fb5c3ff25ee27ee424abd851e4cb33,0xfeeeeee44046c3f61a8cc081e0918ef0de0a7ffc,2026-10-05T02:36:35,selfdestruct_context,0x6ac29737,true
26120709,0xc62638e871f73241f7e83582d314fe33bdb42aefdabf25bb6aff1bd8236216bf,0x85c2e985a4fb5c3ff25ee27ee424abd851e4cb33,0xfeeeeee44046c3f61a8cc081e0918ef0de0a7ffc,2026-10-05T02:36:35,selfdestruct_context,0x6ac29737,true
26120709,0xc808510d090bb122f4a87319aaf67b1ad7ca3e923600cfdb97f5bb1cd017c3fc,0x85c2e985a4fb5c3ff25ee27ee424abd851e4cb33,0xfeeeeee44046c3f61a8cc081e0918ef0de0a7ffc,2026-10-05T02:36:35,selfdestruct_context,0x6ac29737,true
26120709,0xc9fdf20050f590a5392dd3f154f2b208611ae8d34d0bc277c7bf36eedfe75d9d,0x85c2e985a4fb5c3ff25ee27ee424abd851e4cb33,0xfeeeeee44046c3f61a8cc081e0918ef0de0a7ffc,2026-10-05T02:36:35,selfdestruct_context,0x6ac29737,true
26120709,0xcd4d4e46752012bcb6d88953486aa44b172589f435e9e39afc8c849b86a25610,0x85c2e985a4fb5c3ff25ee27ee424abd851e4cb33,0xfeeeeee44046c3f61a8cc081e0918ef0de0a7ffc,2026-10-05T02:36:35,selfdestruct_context,0x6ac29737,true
26120709,0xcda0d136594e1aa683fd85f16b81704346789ca4a9c5b81db8e0f62119d7d40b,0x85c2e985a4fb5c3ff25ee27ee424abd851e4cb33,0xfeeeeee44046c3f61a8cc081e0918ef0de0a7ffc,2026-10-05T02:36:35,selfdestruct_context,0x6ac29737,true
26120709,0xd3365603e57fdaaf067379237e72caec27f568cefa8583f4cca73dcbbf1ccbdf,0x85c2e985a4fb5c3ff25ee27ee424abd851e4cb33,0xfeeeeee44046c3f61a8cc081e0918ef0de0a7ffc,2026-10-05T02:36:35,selfdestruct_context,0x6ac29737,true
26120709,0xd5821e62a15a267834a81051d18567c916eef9557c4ffa64a45ef3e9950e49fc,0x85c2e985a4fb5c3ff25ee27ee424abd851e4cb33,0xfeeeeee44046c3f61a8cc081e0918ef0de0a7ffc,2026-10-05T02:36:35,selfdestruct_context,0x6ac29737,true
26120709,0xd650be33a3d6abc4252505608189065044073e16400e6a5a4f5aee2e42cf133d,0x85c2e985a4fb5c3ff25ee27ee424abd851e4cb33,0xfeeeeee44046c3f61a8cc081e0918ef0de0a7ffc,2026-10-05T02:36:35,selfdestruct_context,0x6ac29737,true
26120709,0xd99715e065808b1d61ba1e2b47d4b9b45038b5bbc73b7ba0c6a15c2155d29c2f,0x85c2e985a4fb5c3ff25ee27ee424abd851e4cb33,0xfeeeeee44046c3f61a8cc081e0918ef0de0a7ffc,2026-10-05T02:36:35,selfdestruct_context,0x6ac29737,true
26120709,0xdcc4d5a1cb1b5565c243d07a4c64737c5ae80509b12d164ccdd51f849cb5c451,0x85c2e985a4fb5c3ff25ee27ee424abd851e4cb33,0xfeeeeee44046c3f61a8cc081e0918ef0de0a7ffc,2026-10-05T02:36:35,selfdestruct_context,0x6ac29737,true
26120709,0xdeb34cfd145322ed19f4ecc18cbf326e0e3ba352d790330425af2a5283ad8ddb,0x85c2e985a4fb5c3ff25ee27ee424abd851e4cb33,0xfeeeeee44046c3f61a8cc081e0918ef0de0a7ffc,2026-10-05T02:36:35,selfdestruct_context,0x6ac29737,true
26120709,0xdfa338dce70f4fd4cbd418a7dffc704c69356cc7795d7f189625c08b78b1d20e,0x85c2e985a4fb5c3ff25ee27ee424abd851e4cb33,0xfeeeeee44046c3f61a8cc081e0918ef0de0a7ffc,2026-10-05T02:36:35,selfdestruct_context,0x6ac29737,true
26120709,0xe15341958f14411f2df2b560ec3c57dffeed09d2149ba1a1047e713c3fc7e7cd,0x85c2e985a4fb5c3ff25ee27ee424abd851e4cb33,0xfeeeeee44046c3f61a8cc081e0918ef0de0a7ffc,2026-10-05T02:36:35,selfdestruct_context,0x6ac29737,true
26120709,0xe4da2485e1fb1f41aa099c42d7fea92307070b419a8a6a6540779f19811aeb0f,0x85c2e985a4fb5c3ff25ee27ee424abd851e4cb33,0xfeeeeee44046c3f61a8cc081e0918ef0de0a7ffc,2026-10-05T02:36:35,selfdestruct_context,0x6ac29737,true
26120709,0xe9dbae5a3662c6774315b807fc4f24b663ae4232b45658c77b59fd4dd9146baa,0x85c2e985a4fb5c3ff25ee27ee424abd851e4cb33,0xfeeeeee44046c3f61a8cc081e0918ef0de0a7ffc,2026-10-05T02:36:35,selfdestruct_context,0x6ac29737,true
26120709,0xea29e3614dd2dcf751af06c8c2c6a5ead50ac170cf318bb605ddd52cff9077c7,0x85c2e985a4fb5c3ff25ee27ee424abd851e4cb33,0xfeeeeee44046c3f61a8cc081e0918ef0de0a7ffc,2026-10-05T02:36:35,selfdestruct_context,0x6ac29737,true
26120709,0xeadfa259b1f0f027b16469271ff24857492ceb6045e6327b4477f4ead3ad8085,0x85c2e985a4fb5c3ff25ee27ee424abd851e4cb33,0xfeeeeee44046c3f61a8cc081e0918ef0de0a7ffc,2026-10-05T02:36:35,selfdestruct_context,0x6ac29737,true
26120709,0xec2f7b5c2994a2aafb1da4eb5f94106f9f73f6955488010f88b8cff1c4c9b2d5,0x85c2e985a4fb5c3ff25ee27ee424abd851e4cb33,0xfeeeeee44046c3f61a8cc081e0918ef0de0a7ffc,2026-10-05T02:36:35,selfdestruct_context,0x6ac29737,true
26120709,0xf0f36f3a45bf762a93f7eb0a56a2aaeafd74105c4352018b57e09ba68beb2179,0x85c2e985a4fb5c3ff25ee27ee424abd851e4cb33,0xfeeeeee44046c3f61a8cc081e0918ef0de0a7ffc,2026-10-05T02:36:35,selfdestruct_context,0x6ac29737,true
26120709,0xf29c906ce60122391873d16a535a72e77f01d14712a3c58bb40ade0f56450566,0x85c2e985a4fb5c3ff25ee27ee424abd851e4cb33,0xfeeeeee44046c3f61a8cc081e0918ef0de0a7ffc,2026-10-05T02:36:35,selfdestruct_context,0x6ac29737,true
26120709,0xf2a5a2039a963fdecbd698010879e5280489eb349d03219bcc568d4eb7988cbd,0x85c2e985a4fb5c3ff25ee27ee424abd851e4cb33,0xfeeeeee44046c3f61a8cc081e0918ef0de0a7ffc,2026-10-05T02:36:35,selfdestruct_context,0x6ac29737,true
26120709,0xf349db5dc176678dacecb75b7e3f3165cad24f1420b0ceeaecf9ffe4be6fbfdd,0x85c2e985a4fb5c3ff25ee27ee424abd851e4cb33,0xfeeeeee44046c3f61a8cc081e0918ef0de0a7ffc,2026-10-05T02:36:35,selfdestruct_context,0x6ac29737,true
26120709,0xfb86827113a15a3ba7c0d98f8bf65ad9193ef72a0ccd72595687aa00c744b27d,0x85c2e985a4fb5c3ff25ee27ee424abd851e4cb33,0xfeeeeee44046c3f61a8cc081e0918ef0de0a7ffc,2026-10-05T02:36:35,selfdestruct_context,0x6ac29737,true
26120710,0x27f96b9d8ea8661c6f5662efc77d34b84c64d58eebceae406757438ac05a673a,0x4ef1f79a3bb79e05e1c0c89c15981ba9fa49adc3,,2026-10-05T02:36:36,selfdestruct_context;contract_creation_context,0x73a1b680,true
26120710,0xa59d48974806f7c9aebb3206eec59ed24a2680707b8e601d03d2dbf79d54190a,0x85a73f63309128d53928ee891e6e11e2b4695c20,0xf0ccfbf6dba1e01ccb833ced6d551a8f000e9721,2026-10-05T02:36:36,complex_trace;high_gas_used_context,0x087be49f,false
26120710,0xc2939028eae05fb13414bcef157a6218a7c47948f3baabcabfa3e848d6c99bf6,0x1aaf8acf48cc2d9817088906c6f3ce58b5ac497d,0x8feab81d36e7576107d5de0758c1b839be31b4f6,2026-10-05T02:36:36,complex_trace;high_gas_used_context,0x0c307f76,false
26120710,0x110974e517e9b7704ff52a2974f8cfdb26d1d4cd5070c0f5742c4e70dd0e5bff,0xe487832018fbd594c84f1db3dfac61cde98a5f36,0x91ff8bbd8ebb07893010d50a48a1609e5ebd8e34,2026-10-05T02:37:37,complex_trace;high_gas_used_context,0x069d1525,false
26120710,0x4d7d6dc5f51b8c5907655e334aab4d51693d15d41bb7017fe3b477dda3cd66c6,0xc6acbee42e9e323140c1ed060c2f6ea9cc3b4b75,0x7c5a71c9fefbc7691f9d4ac7baf70c743792f716,2026-10-05T02:37:37,selfdestruct_context,0xf3fef3a3,false
26120710,0x81503855f0c388937f86c6e987790b56e14364ed2e46c3a3e498eb2b8c0967ef,0x29278b8c5cf5bf74186bcccc82467f5fa3878612,0x1231deb6f5749ef6ce6943a275a1d3e7486f4eae,2026-10-05T02:37:37,dense_internal_fund_flow,0x1794958f,true
26120710,0x4bd70aac9bc33a592a6db845e74bd70f3b9b2c779dc7deabca1ecc5d31e1839b,0xdadb0d80178819f2319190d340ce9a924f783711,0xfeeeeee44046c3f61a8cc081e0918ef0de0a7ffc,2026-10-05T02:37:38,selfdestruct_context,0x6ac29743,true
26120710,0xba81b284a29ea715a41678f7ce3a31e89eaf5a279a4a35c0511716bde73c6a6f,0xdadb0d80178819f2319190d340ce9a924f783711,0xfeeeeee44046c3f61a8cc081e0918ef0de0a7ffc,2026-10-05T02:37:38,selfdestruct_context,0x6ac29743,true
26120711,0x1cc394799a3e02263b5b662c1c92d221f3f46b794649d952924ad5b13ee3613e,0x10a508e2b7c10dc4b8105869792c8d18ef9373a9,0x9689992f5b5c09447f15906d8d11214944488341,2026-10-05T02:37:39,dense_internal_fund_flow;complex_trace,0x3e0f9c3c,true
26120711,0xad1d624d0fd3287fc11bb6480725362a67033f6a5770260a7d8ab766d68ff2f2,0x85a73f63309128d53928ee891e6e11e2b4695c20,0xf0ccfbf6dba1e01ccb833ced6d551a8f000e9721,2026-10-05T02:37:39,complex_trace;high_gas_used_context,0x087be49f,false
26120711,0xbaf16a4e19907006c093aa43adc93bd30b67af84074a83bac8fca5b11c61fbb2,0x80d04079ffc53eb14edbeeb37279d126f45552df,0x76f847be8eb0c7fc5af66b66c75ec52bc109f5c9,2026-10-05T02:37:40,repeated_internal_token_drain;dense_internal_fund_flow;complex_trace;high_gas_used_context;token_activity_burst;repeated_risky_internal_calls,0x8aaa8f3b,true
26120711,0xd1387b3e75a4bd9d2d71ab02991e19cdd7272481f60552dbf5b6eda9041e2957,0x49082c7f03fa21733a7cab47145f182e3d601242,0x0a252663dbcc0b073063d6420a40319e438cfa59,2026-10-05T02:37:40,dense_internal_fund_flow;very_complex_trace;high_gas_used_context;token_activity_burst;selfdestruct_context,0xf5878b9b,true
26120711,0x20d5a175a1f8d2c728db663ca59d6612374774792ee137b31e38cad6577b0b77,0x4838b106fce9647bdf1e7877bf73ce8b0bad5f97,0xfeeeeee44046c3f61a8cc081e0918ef0de0a7ffc,2026-10-05T02:38:10,selfdestruct_context,0x6ac2974f,true
26120713,0x051685a23e42bdc23c38e6b15563b2f8a4f4aeee940c7166bad33b6e1e30eb33,0x0f4ff283159cad7778a794b9346f7138ac90a880,0x663dc15d3c1ac63ff12e45ab68fea3f0a883c251,2026-10-05T02:39:14,dense_internal_fund_flow;complex_trace,0x258c16ee,true
26120713,0x3e6940a2765ef651848f9b016e8ee3f2d01aa6750c367e29c41ad1a2c0c544e8,0xfb74767c1ce1aada0a0e114441173b57f8c1571b,0xfeeeeee44046c3f61a8cc081e0918ef0de0a7ffc,2026-10-05T02:39:14,selfdestruct_context,0x6ac29767,true
26120713,0x441f50b328950f3e687566f4c3126e70a5b0532458b14ccabd41251f2f9649b9,0x19a1d58a33b501ffc6d0b12f218b1acef2164794,0x111111125421ca6dc452d289314280a0f8842a65,2026-10-05T02:39:14,dense_internal_fund_flow;complex_trace,0x07ed2379,true
26120713,0x4d7a934ce85f2a9e402dd9e36508a7df89d9eb21a4348193a8d89617416b6953,0xc6acbee42e9e323140c1ed060c2f6ea9cc3b4b75,0x7c5a71c9fefbc7691f9d4ac7baf70c743792f716,2026-10-05T02:39:14,selfdestruct_context,0xf3fef3a3,true
26120713,0x4f21abe227a653ed51dc8439ab48329369d940d19530075c3a74618c90d953f8,0xfb74767c1ce1aada0a0e114441173b57f8c1571b,0xfeeeeee44046c3f61a8cc081e0918ef0de0a7ffc,2026-10-05T02:39:14,selfdestruct_context,0x6ac29767,true
26120713,0xbaa8d9f404e2f2ca884469e8f443ea01802c3c8ada618837458366689a5b7e98,0xba9bc9a8aa87872f7b990031bde984a00b9ced49,0xf57f9e622bc12da707db20a9e21cd88f212effc1,2026-10-05T02:39:14,complex_trace;high_gas_used_context,0x82ad56cb,false
26120713,0xbded9fc8a138cd371d22b410575fd0b1d908da63bd8318fa77a87a0449d87434,0xea7c228def6e373cd521eae2a4ec0cf8c7a80ba0,0xf4e147db314947fc1275a8cbb6cde48c510cd8cf,2026-10-05T02:39:14,privileged_execution_context,0x760d0f9d,false
26120713,0xbe48413cd5ac91c027bdef4395ad8d00a496b37fc7ee21a7dadef6df05c3b2a3,0xfb74767c1ce1aada0a0e114441173b57f8c1571b,0xfeeeeee44046c3f61a8cc081e0918ef0de0a7ffc,2026-10-05T02:39:14,selfdestruct_context,0x6ac29767,true
26120713,0xd20e0a9913e79e4d642e8c5c4542a78d4641f174c4c893a6f4e490430ee8334c,0x85a73f63309128d53928ee891e6e11e2b4695c20,0xf0ccfbf6dba1e01ccb833ced6d551a8f000e9721,2026-10-05T02:39:14,complex_trace;high_gas_used_context,0x087be49f,false
26120713,0xdabd51f211dfa42271229ea610cf63bdacd96fc1837654c5ebade3e723553f8a,0x4b265385e2f5589563238234e90ae76e71ddcab8,0x86e4dc95c7fbdbf52e33d563bbdb00823894c287,2026-10-05T02:39:14,complex_trace;high_gas_used_context,0x4e43e495,false
26120714,0x00a9df57f52622e232dc1b11e847f1c8e1d17bea1d7c57910e197c5d8dcc87e6,0x49082c7f03fa21733a7cab47145f182e3d601242,0xfeda03b91514d31b435d4e1519fd9e699c29bbfc,2026-10-05T02:40:17,high_gas_used_context;selfdestruct_context,0x0cbe28d6,false
26120714,0x537b69b114470bc426551526fe147d04b670dee7967dc871b9f814c988607d5e,0x433700890211c1c776c391d414cffd38efdd1811,0x4337084d9e255ff0702461cf8895ce9e3b5ff108,2026-10-05T02:40:17,dense_internal_fund_flow;complex_trace,0x765e827f,true
26120714,0x6e706889dd7a5d1a12de48f485b659c29993a279386495d89e5d2150f31649c6,0xe469ee44d92bb173b7edc576ebb09da55dbfe32e,0x5ff137d4b0fdcd49dca30c7cf57e578a026d2789,2026-10-05T02:40:17,dense_internal_fund_flow;complex_trace;high_gas_used_context,0x1fad948c,true
26120714,0x806be303915d7b744d04ea800a8d102b53cbbfa87cc84e0a6f2493f5989865f8,0xe487832018fbd594c84f1db3dfac61cde98a5f36,0x91ff8bbd8ebb07893010d50a48a1609e5ebd8e34,2026-10-05T02:40:17,complex_trace;high_gas_used_context,0x069d1525,false
26120714,0x8523fdca009749bc7dfc63dbfe991e4c79beaf3be403aec3c8062953f86b5cdf,0x396343362be2a4da1ce0c1c210945346fb82aa49,0xfeeeeee44046c3f61a8cc081e0918ef0de0a7ffc,2026-10-05T02:40:17,selfdestruct_context,0x6ac29773,true
26120714,0x86224814b36dbe1abc7125cdbe22cdd09c15c4dd5cf6414cacb9a16470a93b03,0x396343362be2a4da1ce0c1c210945346fb82aa49,0xfeeeeee44046c3f61a8cc081e0918ef0de0a7ffc,2026-10-05T02:40:17,selfdestruct_context,0x6ac29773,true
26120714,0xa5bb05273ab7e326969fc49290beb8f7057b76e332051f26617e2b3cf7d6b28a,0x85a73f63309128d53928ee891e6e11e2b4695c20,0xf0ccfbf6dba1e01ccb833ced6d551a8f000e9721,2026-10-05T02:40:17,complex_trace;high_gas_used_context,0x087be49f,false
26120715,0x01af6dd4dd0b7583beb3677365cdde0c56dd17e9262ab3aa3b8f5dcdde1c5c25,0x61ec714f81c6266eadb8ef911dbaa5ae373ca0c8,0xa1130e0ed3af133b392aa11d38c480ae5a6180be,2026-10-05T02:40:19,very_complex_trace;high_gas_used_context,0x13a237df,false
26120715,0x24f3b126cf293cdfbc04753bef8a09a2d279858384979a621a0a887b4c86e5f3,0x396343362be2a4da1ce0c1c210945346fb82aa49,0xfeeeeee44046c3f61a8cc081e0918ef0de0a7ffc,2026-10-05T02:40:19,selfdestruct_context,0x6ac2977f,true
26120715,0x3933f779ace59742f14895a2cddaba8b189383af7c370e22bd82c4f40930024c,0x5caa2b55aa4ac56d4798ed70eaf35b9b58c32cf2,0x6131b5fae19ea4f9d964eac0408e4408b66337b5,2026-10-05T02:40:19,complex_trace;high_gas_used_context,0xe21fd0e9,false
26120715,0x6842fa53aa749a2236d58243ebcdc7952de8d34f8ac25ed47c93247d6ce0bed1,0x85a73f63309128d53928ee891e6e11e2b4695c20,0xf0ccfbf6dba1e01ccb833ced6d551a8f000e9721,2026-10-05T02:40:19,complex_trace;high_gas_used_context,0x087be49f,false
26120715,0x6fd8fd248f9af005c434087989bc5083214b44ad335ec7fde359b09be8e85a20,0x396343362be2a4da1ce0c1c210945346fb82aa49,0xfeeeeee44046c3f61a8cc081e0918ef0de0a7ffc,2026-10-05T02:40:19,selfdestruct_context,0x6ac2977f,true
26120715,0x79385293f7e933ea8c458829bfe6a4ca97f1746ff2f2de444ac50a21d394137c,0xb454e3746d6e6859b350c9639d2ffdf488add754,0x06450dee7fd2fb8e39061434babcfc05599a6fb8,2026-10-05T02:40:19,large_mint_to_sender,0x3ccfd60b,true
26120715,0x8e66817d4c59c60e5c2997d854851628aab3ddbe7346c193ded81b1ba8fc809a,0xb6de2f25d47f7246573ee50737f8962f2d34af76,0xa2b2f71456a799fcf4ef7a3111c4b96b3e928cc8,2026-10-05T02:40:19,privileged_execution_context,0xa9e8f504,false
26120715,0xae3c363b2e2dc1ea73a51097f037c57809cf123a71d65d2662d9c0b85562dbf0,0xcecfaeba17fd01bbd69c05a2eea3c265257f45ab,0xb92fe925dc43a0ecde6c8b1a2709c170ec4fff4f,2026-10-05T02:40:19,dense_internal_fund_flow;complex_trace,0xcd6e13f7,true
26120715,0xc69e3c1de460e0ba4e5808a9424933688cb3c529b23ebcfcd75f07d2a150fbad,0x396343362be2a4da1ce0c1c210945346fb82aa49,0xfeeeeee44046c3f61a8cc081e0918ef0de0a7ffc,2026-10-05T02:40:19,selfdestruct_context,0x6ac2977f,true
26120716,0x732065d572ac27f85a876057b4c96e0558b45782f56ed098b9cec374f7a11aa6,0xc49415493eb3ec64a0f13d8aa5056f1cfc4ce35c,0xd90e2f925da726b50c4ed8d0fb90ad053324f31b,2026-10-05T02:40:20,dense_internal_fund_flow;complex_trace,0xb438689f,true
26120716,0xacf7094cb200c50b0d7c7e7b60a0f0b5c20a1f5d44e97c58dfe806143bf3c543,0x85a73f63309128d53928ee891e6e11e2b4695c20,0xf0ccfbf6dba1e01ccb833ced6d551a8f000e9721,2026-10-05T02:40:20,complex_trace;high_gas_used_context,0x087be49f,false
26120716,0x8ac4ca8620376a2574843e5c9517fdd1b8d996e2a8b25b20f47419fe44fa128f,0xdda3b51e29f9d6fad865c5dd7070d5f7eb57663e,0x8d8210a0252a706cb5de0c6f8e46b6d3692afc19,2026-10-05T02:40:52,complex_trace;high_gas_used_context,0xffc3a769,false
26120716,0x07181b1af633cf8be91bff21cbe71249a456f88664dfb487cdbb31839b5d6dd3,0x59aab1bd0d26290274398c07b55955c15425e16b,0x00fe78205f5f0e63b8ad2b2ae5337f538a610e04,2026-10-05T02:41:22,high_gas_used_context;token_activity_burst,0x34fcd5be,false
26120716,0x16d1eb4605c4e6e50bafcad90f8cf8af1aa4d456d15145f39b5a4ae927c3e025,0x4838b106fce9647bdf1e7877bf73ce8b0bad5f97,0xfeeeeee44046c3f61a8cc081e0918ef0de0a7ffc,2026-10-05T02:41:22,selfdestruct_context,0x6ac2978b,true
26120716,0x806b0d15176b2609b387a4d0f5a4754e4aff44c5d5aa4c877214979764043d6d,0x49082c7f03fa21733a7cab47145f182e3d601242,0xfeda03b91514d31b435d4e1519fd9e699c29bbfc,2026-10-05T02:41:22,high_gas_used_context;selfdestruct_context,0x0cbe28d6,false
26120716,0xa551739c51eee364f8919d92a85fcd2c0d532b84471a1725ea202bcd3b9924b0,0x3cfdc212769c890907bce93d3d8c2c53de6a7a89,0x0000000071727de22e5e9d8baf0edac6f37da032,2026-10-05T02:41:22,privileged_execution_context;complex_trace,0x765e827f,false
26120717,0x1e7ec153b899dd0ed1a3db5d7ea65d6b0f3184a5c2f0441b39239c5430089998,0xdadb0d80178819f2319190d340ce9a924f783711,0xfeeeeee44046c3f61a8cc081e0918ef0de0a7ffc,2026-10-05T02:41:57,selfdestruct_context,0x6ac29797,true
26120717,0x24d31ffc3cacda544236a3acf798cc778d638bf5feb88f4d8746aaa6432ed6ac,0xdda3b51e29f9d6fad865c5dd7070d5f7eb57663e,0x8d8210a0252a706cb5de0c6f8e46b6d3692afc19,2026-10-05T02:41:57,complex_trace;high_gas_used_context,0xffc3a769,false
26120717,0x3655934a1f0757d65892857a9b606438b6eb88d29f753fd4d7d087f54ddf4ce5,0xd8750a725349f69a60debefd9b7c37704f203948,0x7a250d5630b4cf539739df2c5dacb4c659f2488d,2026-10-05T02:41:57,dense_internal_fund_flow,0x02751cec,true
26120717,0x643c824b3e82691ca95f229cb0b1862a7ce7bc034f5cb2877c804968b670ed31,0x1aaf8acf48cc2d9817088906c6f3ce58b5ac497d,0x8feab81d36e7576107d5de0758c1b839be31b4f6,2026-10-05T02:41:57,complex_trace;high_gas_used_context,0x0c307f76,false
26120717,0x66e5647904c156a3a9d3bff614e6bbce022fc9cd8032441b1e2d4aec343aa434,0x4337015333e7c8a3c5af4acd2c4aa4befb0d663c,0x4337084d9e255ff0702461cf8895ce9e3b5ff108,2026-10-05T02:41:57,dense_internal_fund_flow;complex_trace,0x765e827f,true
26120717,0x689a566a22a9c40e63949e8066d8346a229db76521385531989c7f69ca74b36f,0xdadb0d80178819f2319190d340ce9a924f783711,0xfeeeeee44046c3f61a8cc081e0918ef0de0a7ffc,2026-10-05T02:41:57,selfdestruct_context,0x6ac29797,true
26120717,0x8bd61b0e9b5042c7c67d6c9c3c6449da08652dd71ca971bc6fc08a67569e84ba,0x4ef1f79a3bb79e05e1c0c89c15981ba9fa49adc3,,2026-10-05T02:41:57,selfdestruct_context;contract_creation_context,0x73ac557e,true
26120717,0xac21f1610e9030d59ed59a38c9aa7327ad81f21e959d8abce4c4f32d74a17650,0xdadb0d80178819f2319190d340ce9a924f783711,0xfeeeeee44046c3f61a8cc081e0918ef0de0a7ffc,2026-10-05T02:41:57,selfdestruct_context,0x6ac29797,true
26120717,0xc9c9c8b38ece2e799aa3b25518d12b9a984f67b0bef4c55fb71607a1bbe69df4,0xe469ee44d92bb173b7edc576ebb09da55dbfe32e,0x5ff137d4b0fdcd49dca30c7cf57e578a026d2789,2026-10-05T02:41:57,complex_trace;high_gas_used_context,0x1fad948c,false
26120717,0xf08399641698550d63c51a5da5dbf5fb945ebcc84ac2488fcb4d380b86494691,0x85a73f63309128d53928ee891e6e11e2b4695c20,0xf0ccfbf6dba1e01ccb833ced6d551a8f000e9721,2026-10-05T02:41:57,complex_trace;high_gas_used_context,0x087be49f,false
26120718,0x58c66b53ef3d9d17a94c18de37166bb3cb01248ea9db04f8bbc27e2f7b229350,0x4838b106fce9647bdf1e7877bf73ce8b0bad5f97,0xfeeeeee44046c3f61a8cc081e0918ef0de0a7ffc,2026-10-05T02:42:59,selfdestruct_context,0x6ac297a3,true
26120718,0x7ffdae81144ff2a3cbb058de7e6f81ccbf2a2b52b53d5217feb6f3a2a96ab15e,0x85a73f63309128d53928ee891e6e11e2b4695c20,0xf0ccfbf6dba1e01ccb833ced6d551a8f000e9721,2026-10-05T02:42:59,complex_trace;high_gas_used_context,0x087be49f,false
26120718,0xcb076ec77e2c2fd047b7afd62c9201daf4b1608514413c8d047b6a78d38c671d,0xe20446cccbfd5f9038e747f1dea8016ecbd94ae5,0x442be06bb5d13711a22ccd3fa382b72a874c5135,2026-10-05T02:42:59,privileged_execution_context;complex_trace,0xf7b5c341,false
26120718,0xfe62bbcb4a7d410b6efb1a116380d61a3b7355f86605e625c4831a8dff63c860,0x4838b106fce9647bdf1e7877bf73ce8b0bad5f97,0xfeeeeee44046c3f61a8cc081e0918ef0de0a7ffc,2026-10-05T02:42:59,selfdestruct_context,0x6ac297a3,true
26120719,0xfc48bc11e53a7b0b96f5ccece9ae557757b3e50106c6920310a3acc0c5d73256,0x85a73f63309128d53928ee891e6e11e2b4695c20,0xf0ccfbf6dba1e01ccb833ced6d551a8f000e9721,2026-10-05T02:44:04,complex_trace;high_gas_used_context,0x087be49f,false
26120719,0x098fa4cdc7775f1f05434006deb1350f4f0b8b5cb44ac438ad348c48156cb664,0xede4233c6e66b947a172d1cf00da59f71f1dd946,0x0439e60f02a8900a951603950d8d4527f400c3f1,2026-10-05T02:44:05,dense_internal_fund_flow;complex_trace,0x3ce33bff,true
26120719,0x0a3efa5bab37245c0f79bd1d4b206c7778f030d5898c384aa3867b799ff7610a,0xdadb0d80178819f2319190d340ce9a924f783711,0xfeeeeee44046c3f61a8cc081e0918ef0de0a7ffc,2026-10-05T02:44:05,selfdestruct_context,0x6ac297af,true
26120719,0x53a548cf4dd9388c9bae437c12bb915489dd118293a73501ff833bb88ecc68e0,0x96c4af8a6634f1dd8d50d7e373a44852a511487b,0x6f195b834e24c668a3f1494afebba3bd1d7e159b,2026-10-05T02:44:05,privileged_execution_context,0xc6fe8747,false
26120719,0x5a5846d18ddf4eda12184058393fefaf00ed278733f37ac4769187cd6d9056eb,0x646c51d77af2ce6f1f5ad779044b8932a315dc89,0x128e843022a58cf5c085dfecbce04f59f5928ac3,2026-10-05T02:44:05,privileged_execution_context;complex_trace,0xc6fe8747,false
26120719,0x8764daea87a4d3ffe3ff6a69d3eab9abd73427f0f104dbd603d0266f1843b70f,0xdadb0d80178819f2319190d340ce9a924f783711,0xfeeeeee44046c3f61a8cc081e0918ef0de0a7ffc,2026-10-05T02:44:05,selfdestruct_context,0x6ac297af,true
26120719,0xe1476259b72156be9c6c51f3a982fb4a880df464bdd77aed8f52bd5957d56703,0x6fd31aabe056c95a87158f1e69629702ad3fcbaf,0x50c4e75a512f2a14a7b304787adf79c4531a5909,2026-10-05T02:44:05,dense_internal_fund_flow;complex_trace;high_gas_used_context,0x2213bc0b,true
26120720,0x406617b4fec5194e230c13f97d5cc8149e468fdf0ec40798dd00a9948f0501ab,0x47c0a731008bcae586eaf43429e08ffb5a9e66d0,0x4ecc9754e80a5f97f54500a750296531219fbf81,2026-10-05T02:44:06,dense_internal_fund_flow;token_activity_burst,0xa9059cbb,true
26120720,0x6e402570a779675cb27f1c068ebf0ed9a81ec9127303d32a37ed28728606042b,0xb4e7249020beb799de759a29b00aeb244a3e3068,0x4ecc9754e80a5f97f54500a750296531219fbf81,2026-10-05T02:44:06,dense_internal_fund_flow;token_activity_burst,0xa9059cbb,true
26120720,0x85dd4f49285a9537ed5f2688c67ce34563579fd48a67e3be6f430846b44d7f3e,0x85a73f63309128d53928ee891e6e11e2b4695c20,0xf0ccfbf6dba1e01ccb833ced6d551a8f000e9721,2026-10-05T02:44:06,complex_trace;high_gas_used_context,0x087be49f,false
26120720,0xaf0aa3fb97d818353d81e7507b7eaeb1a206a546aeaf6937462c64a92ec5cd0f,0xe20446cccbfd5f9038e747f1dea8016ecbd94ae5,0x442be06bb5d13711a22ccd3fa382b72a874c5135,2026-10-05T02:44:06,privileged_execution_context,0xf7b5c341,false
26120720,0xd3e181d102b4a01dd5b3e1701e545895f17fb79f5c07988ec4a0c71bde676fff,0x4c187197452b300e890233a7c7230af485d796d7,0x4ecc9754e80a5f97f54500a750296531219fbf81,2026-10-05T02:44:06,dense_internal_fund_flow;token_activity_burst,0xa9059cbb,true
26120720,0xd6c2431d2b94188f0794f07651b3201bc822fc0eaeb9311eb142c50c206afec0,0xbe0b407782a7599380fa726db315340126d62229,0x4d2fb5f8ec243fde4df1a9678b82238570c7e0e4,2026-10-05T02:44:06,repeated_internal_token_drain;dense_internal_fund_flow;complex_trace;high_gas_used_context;token_activity_burst;repeated_risky_internal_calls,0x6a761202,true
26120720,0xf70d386196788e1b08eea9d68c49d38a9587e4e82aca65b1cdaff3c1e36214dd,0x91355870a334ffc33e84503327773259e3030366,0x67a3a969b1bd73ab22fc90c7bd4441129cc8725c,2026-10-05T02:44:06,dense_internal_fund_flow;token_activity_burst,0xa9059cbb,true
26120720,0x833a6322178c8ecd7d080c6ebc7a483d8a2a68ef711cac9b7bc9cf4bea53e29a,0x4838b106fce9647bdf1e7877bf73ce8b0bad5f97,0xfeeeeee44046c3f61a8cc081e0918ef0de0a7ffc,2026-10-05T02:44:07,selfdestruct_context,0x6ac297bb,true
