block_num,tx_hash,from,to,detect_time,attack_signals,selector,has_asset_impact
25875000,0x5b10a813e81e2f5b5ab9602f86e10a4aea2cc2c71032549f0487aa5ac1685376,0x4337005db25dbad41da5692ba1188751ee5d98b6,0x0000000071727de22e5e9d8baf0edac6f37da032,2026-08-31T19:45:24,large_erc20_asset_flow,0x765e827f,true
25875000,0xd53a27d762000c5f56e8df05b9c062c82317c6f368268d69a2fe0552dacdd0a5,0xdf8adfe10d4a4d9f0fc4d3e377a6e8d5730eb40c,0x06cff7088619c7178f5e14f0b119458d08d2f5ef,2026-08-31T19:45:24,large_erc20_asset_flow;complex_trace,0x99999999,true
25875000,0xab95ae58250da1f75f5314cd33ef8eed10d4b6c14176454c0dfb3b91df538b19,0x0beea0e1f3d79cb55633530e291336dab9a7d82d,0xad3b67bca8935cb510c8d18bd45f0b94f54a968f,2026-08-31T19:45:26,complex_trace;token_activity_burst;approval_burst,0x146ee74d,false
25875000,0xd0a3ab169f271a47ee376a47e26b530cf4069cb80ecb8830d315b45474daae1f,0xad2acb7d69c18d3b53e5af110e6408bad69dc08d,0x4c82d1fbfe28c977cbb58d8c7ff8fcf9f70a2cca,2026-08-31T19:45:26,large_erc20_asset_flow;complex_trace,0x3593564c,true
25875000,0xf6b6c7efa107b3c3c693bf3d075a56f13b46e29e9369c9b21bf316b4a38539d9,0xe48fbb21b09d34c590297023ff57b2255daa60b3,0x888888888889758f76e7103c6cbf23abbf58f946,2026-08-31T19:45:26,large_erc20_asset_flow;complex_trace,0x60fc8466,true
25875000,0xf1c664cf219867e4f18b1fd38a158f12783b6e361a70b9358ffdfaa621ae76cc,0x062ce42cae04c51d04e77e3d64cc8953a2296ffe,0x8a25a24ede9482c4fc0738f99611be58f1c839ab,2026-08-31T19:45:56,large_erc20_asset_flow;complex_trace,0x6a761202,true
25875000,0x059efd744b35f35a73b1e8e842a899d841ad7c32a5fdd46f8c1bbeaaec3edc2f,0x396343362be2a4da1ce0c1c210945346fb82aa49,0xfeeeeee44046c3f61a8cc081e0918ef0de0a7ffc,2026-08-31T19:45:57,selfdestruct_context,0x6a956713,true
25875000,0x73a611b2af0e1659815d861c5d06017c008c5be2f489414b3f50bba4357b33aa,0xe50fede239b079f5b180f5c39020ee05c9512171,0xee100c0405021be2ce2a263780a0f16f9fcdf35e,2026-08-31T19:45:57,dense_internal_fund_flow;complex_trace;high_gas_used_context;token_activity_burst,0xa9059cbb,true
25875000,0xa254c1aee15d121d5f06459df8adde1cb0e5c3c3061722c70c37a424371b125d,0x396343362be2a4da1ce0c1c210945346fb82aa49,0xfeeeeee44046c3f61a8cc081e0918ef0de0a7ffc,2026-08-31T19:45:57,selfdestruct_context,0x6a956713,true
25875000,0xa42ddc3234f0327b23daff6be19853a310560a577273ae3f2177beefc4cbe180,0x1c778f0bd9a2f5bf3b6f7dd1e35b8a56c35572d3,0xacddac6c77318b615f7f6fb9bb67c6833e9c05f1,2026-08-31T19:45:57,large_erc20_asset_flow;complex_trace,0x571d3dc7,true
25875000,0xc4532d122f5401e2fb384123fa8725117a48a60b71d63d8dde4158f0cc123c9d,0xce54f65abb8b61b83c14cbe97de97fce75bbf556,0x0000000071727de22e5e9d8baf0edac6f37da032,2026-08-31T19:45:57,privileged_execution_context;complex_trace;high_gas_used_context,0x765e827f,false
25875000,0xc7f2d3a29fec72928fa832d878b7c62d4b939253ad8441c4c652358c2b927b81,0xf4d02174bdaa72dcd126da640cb57411aadde0bf,0x7777857616fb37f0cfa262e9bb945e828312df17,2026-08-31T19:45:57,large_erc20_asset_flow;complex_trace,0x3fa72595,true
25875000,0xd2dee0080fb89c0debc82c65b8b58414a60452eaa800c0e80a499eac34c80f83,0x7f324545c481f8c150802103a8ee94014251b888,0x0000000000001ff3684f28c67538d4d072c22734,2026-08-31T19:45:57,large_erc20_profit_to_sender;large_erc20_asset_flow;complex_trace;token_activity_burst,0x2213bc0b,true
25875000,0xd531469f04a8e627a22795dbb907090d331b82d363e4976992d1c53515c26714,0x053b21bff72426b2848e817dbf6387388fe7f8ec,0x91ff8bbd8ebb07893010d50a48a1609e5ebd8e34,2026-08-31T19:45:57,complex_trace;high_gas_used_context,0x069d1525,false
25875000,0xf3a1630506fa7f7526c730991594d63531f89b9737a7ef5fc40fbbc6c4f2676a,0x396343362be2a4da1ce0c1c210945346fb82aa49,0xfeeeeee44046c3f61a8cc081e0918ef0de0a7ffc,2026-08-31T19:45:57,selfdestruct_context,0x6a956713,true
25875001,0xaf391fcac037d922fe7bbbee54a9abf1950c0c9bfb7fcdf05263c8a5fd5406de,0xa5231ff7a31f15da3336d9ba9b78c198ec97cf0f,0x8d4cb2e7b14f8998a3def19c32245702f53b9c14,2026-08-31T19:46:00,complex_trace;high_gas_used_context;approval_burst,0xc04b5f4e,false
25875001,0xec3c9842a4adc3886d062da6507530961b2c892ab086e24781dbf8c8d818f3d3,0xdadb0d80178819f2319190d340ce9a924f783711,0xfeeeeee44046c3f61a8cc081e0918ef0de0a7ffc,2026-08-31T19:46:00,selfdestruct_context,0x6a95671f,true
25875001,0xfd94156f794cb09a11ed31c9c79065526a11303753485cb9b58994efd9ed983c,0xb2e19dd996848818d972dd3a60a1b7faffb82330,0x4c82d1fbfe28c977cbb58d8c7ff8fcf9f70a2cca,2026-08-31T19:46:00,dense_internal_fund_flow;large_erc20_asset_flow,0x3593564c,true
25875001,0xfe37a05f93fa78d7a9034719b226fd35d9c2366b476a1a17da78c02241c15ef1,0xdadb0d80178819f2319190d340ce9a924f783711,0xfeeeeee44046c3f61a8cc081e0918ef0de0a7ffc,2026-08-31T19:46:00,selfdestruct_context,0x6a95671f,true
25875002,0x67b7524751170fc75de57f8ee6b10e8c91f559b267f226f5f26dd793015ce32f,0x7830c87c02e56aff27fa8ab1241711331fa86f43,0xa9d1e08c7793af67e9d92fe308d5697fb81d3e43,2026-08-31T19:46:33,large_erc20_asset_flow,0xca350aa6,true
25875002,0x8dafda6d7525c0458b6775fc286820902463d568b9d8961563ad627764a3e50e,0x7830c87c02e56aff27fa8ab1241711331fa86f43,0xa9d1e08c7793af67e9d92fe308d5697fb81d3e43,2026-08-31T19:46:33,dense_internal_fund_flow,0x1a1da075,true
25875002,0x45e79959bd37a9020d21aa37971e7609e091d487d01d53eb42c4aaf31a438313,0xfc9928f6590d853752824b0b403a6ae36785e535,0x00000000009e50a7ddb7a7b0e2ee6604fd120e49,2026-08-31T19:46:34,complex_trace;high_gas_used_context;token_activity_burst,0x3a2ede3d,false
25875002,0xe591d0ae84bf333f514c96728fa14dfc5d599c11c914e8c0daea4b8a8ee15d22,0xb96e263de7e8049d4c96f141f8c494d92b441380,0x89c6340b1a1f4b25d36cd8b063d49045caf3f818,2026-08-31T19:46:34,large_erc20_asset_flow;complex_trace,0xd7a08473,true
25875002,0x471e7055b2fe55696b4dda2b97cb1dd63baf6967c39c9b586ab4722fdbc1707d,0x59aab1bd0d26290274398c07b55955c15425e16b,0x00fe78205f5f0e63b8ad2b2ae5337f538a610e04,2026-08-31T19:47:07,complex_trace;high_gas_used_context;token_activity_burst,0x34fcd5be,false
25875002,0x77a63ec2334be754f723e48b91210c14f313d886180c4d9043cc3f8ee90dfdad,0x4d264e85a89cb458cc09a5b8022cc27f79fdaa69,0x7a250d5630b4cf539739df2c5dacb4c659f2488d,2026-08-31T19:47:07,dense_internal_fund_flow,0x791ac947,true
25875002,0x8915b7dd3e7a79a07f6dfdd707ae85dfcb7970c37b6c44bd46c6d297fd628dc9,0x59aab1bd0d26290274398c07b55955c15425e16b,0x00fe78205f5f0e63b8ad2b2ae5337f538a610e04,2026-08-31T19:47:07,complex_trace;high_gas_used_context;token_activity_burst,0x34fcd5be,false
25875002,0x9a7e6990ea135fad10a8c06f2346721db3d2f579e9cdc50baabbe6f662ec0b15,0x09cfee647fa339133380191c8db6b44f24500c9d,0x0ca8e8d976df3321f6ff0a8cca96536a51565c81,2026-08-31T19:47:07,repeated_internal_token_drain;dense_internal_fund_flow;complex_trace;high_gas_used_context;token_activity_burst;repeated_risky_internal_calls,0xa9059cbb,true
25875002,0xa3d1bc101e876c52ec564b6ad7d1389fce086f3d1a0d400e8abc6eaa0bd504c4,0x053b21bff72426b2848e817dbf6387388fe7f8ec,0x91ff8bbd8ebb07893010d50a48a1609e5ebd8e34,2026-08-31T19:47:07,complex_trace;high_gas_used_context,0x069d1525,false
25875002,0xa84c082f5b84296fb7c8aded73d0dbf49527797d628136d4d55cf12d32f72a91,0x3d4e12d540cf67a9c38da66a20943acac075725d,0x1eeda6359b726f7e5a662288ed7f1793ed6788b9,2026-08-31T19:47:07,repeated_internal_token_drain;dense_internal_fund_flow;complex_trace;high_gas_used_context;token_activity_burst;repeated_risky_internal_calls,0xa9059cbb,true
25875002,0xbe6166a0e4b21280da928e0ec05ce1225fb7d452fb846233c66c9819c67be897,0xe3009dfb2e76b6d5b076d2f11a90d80747ea467f,0xc10fc8fa761285fa3fa25aafcc10a54456ee8919,2026-08-31T19:47:07,dense_internal_fund_flow;very_complex_trace;high_gas_used_context;repeated_risky_internal_calls,0xa9059cbb,true
25875002,0xe0ecf6c14f6ea91a5d256bd46d4466987d62d4302331646dbe73f36e25886ba5,0xc0ffee17d520056942531cb6d4d6251ff8163bb1,0x7966319bab61f7d6473a64277897885893c2ee94,2026-08-31T19:47:07,large_erc20_asset_flow;complex_trace;high_gas_used_context;token_activity_burst,0x00008439,true
25875002,0xf0c5b73d53e8637c3cceb23daa297e0e7219aabe64334b077a87b7c71adea0cb,0x4838b106fce9647bdf1e7877bf73ce8b0bad5f97,0xfeeeeee44046c3f61a8cc081e0918ef0de0a7ffc,2026-08-31T19:47:07,selfdestruct_context,0x6a95672b,true
25875002,0xfedc15f475fef96b124ca2e71d1444f5981a869ff4079ad833c947f582b9f95f,0xde7a849216aa3884d53d84ecb02c19eb67e5dae2,0x7d9f4ca54131e588fc1fe577973b55fb11231e76,2026-08-31T19:47:07,repeated_internal_token_drain;dense_internal_fund_flow;complex_trace;high_gas_used_context;token_activity_burst;repeated_risky_internal_calls,0x6aac3a0b,true
25875003,0x85182d2d624bd9f9c2b78dcece42ac0a04bfd8eef863bfe658377b9df070f3b9,0x09cfee647fa339133380191c8db6b44f24500c9d,0x0ca8e8d976df3321f6ff0a8cca96536a51565c81,2026-08-31T19:47:08,repeated_internal_token_drain;dense_internal_fund_flow;complex_trace;high_gas_used_context;token_activity_burst;repeated_risky_internal_calls,0xa9059cbb,true
25875003,0xe9d435252b215d685498e9329e411f5dc3bb34d557fc7de49923134a36560e4c,0x063715c525924fd84f91dd7f169c56a8250e8c6a,0x6131b5fae19ea4f9d964eac0408e4408b66337b5,2026-08-31T19:47:08,large_erc20_asset_flow;complex_trace,0xe21fd0e9,true
25875004,0x06631628f37641a767ea5f4f0e56eaa7b30efb07b3642118d1bcb9e11f9b8bd0,0x2128268ae7b7a2a5a53db8baf83fa4a2034e6942,0xb82aac6aecc9a8edf12345a3b1ec874575da97d4,2026-08-31T19:47:12,large_erc20_asset_flow;complex_trace,0x00000000,true
25875004,0x7fce5dd37a9e514c6add713e8156ef67b043b4c652c89509530e67f938c2ad8a,0x4337006f33e2940fcbebd899bf2396117e65df9b,0x0000000071727de22e5e9d8baf0edac6f37da032,2026-08-31T19:47:12,large_erc20_asset_flow,0x765e827f,true
25875004,0xb8bbb784ca1bd6691d84ddb89412c25f193a46b533eddaae95ed86f744a66e41,0x320d00463a0a7e74bdb577cbf5830056d5f22d71,0x6131b5fae19ea4f9d964eac0408e4408b66337b5,2026-08-31T19:47:12,large_erc20_asset_flow;complex_trace,0xe21fd0e9,true
25875004,0xdcb7463875228bcadb3ddb999c23cc60927508ea1c832997fccf027e1fd41543,0x0beea0e1f3d79cb55633530e291336dab9a7d82d,0xad3b67bca8935cb510c8d18bd45f0b94f54a968f,2026-08-31T19:47:12,complex_trace;token_activity_burst;approval_burst,0x146ee74d,false
25875004,0x0eae11ee83517fffb73ec0e1a1dc9692ace3ec8863a04961f2be5b6429e7b3c1,0xdadb0d80178819f2319190d340ce9a924f783711,0xfeeeeee44046c3f61a8cc081e0918ef0de0a7ffc,2026-08-31T19:47:43,selfdestruct_context,0x6a956743,true
25875004,0x2d5142a5ad5775d5b24b3d131116cc0b7b8603c25c005e3616b1d09e545ecb10,0xdadb0d80178819f2319190d340ce9a924f783711,0xfeeeeee44046c3f61a8cc081e0918ef0de0a7ffc,2026-08-31T19:47:43,selfdestruct_context,0x6a956743,true
25875004,0x412fd3b6a7272f2fe6258a348c5083dcab5954541188bb08da2fe34aef2d1ff9,0xdadb0d80178819f2319190d340ce9a924f783711,0xfeeeeee44046c3f61a8cc081e0918ef0de0a7ffc,2026-08-31T19:47:43,selfdestruct_context,0x6a956743,true
25875004,0x945580f65bc22646f4696c488e18565e2b8a21a2f3f2e514c7ee4ca8bac6c566,0xdadb0d80178819f2319190d340ce9a924f783711,0xfeeeeee44046c3f61a8cc081e0918ef0de0a7ffc,2026-08-31T19:47:43,selfdestruct_context,0x6a956743,true
25875004,0xe26022ee4e18b75a741302185b63bde78c832c5c19a021e54152137c1933e8a6,0xdadb0d80178819f2319190d340ce9a924f783711,0xfeeeeee44046c3f61a8cc081e0918ef0de0a7ffc,2026-08-31T19:47:43,selfdestruct_context,0x6a956743,true
25875005,0xb069ddd632ddb910c97b84f5e693aa61f4ca8d4f8814b10c6c62b164010d2733,0x062ce42cae04c51d04e77e3d64cc8953a2296ffe,0x8a25a24ede9482c4fc0738f99611be58f1c839ab,2026-08-31T19:48:04,large_erc20_asset_flow;complex_trace,0x6a761202,true
25875005,0x2d8e29516bce13d594fc16377afa79bef78b3ce9f730c53fd019500aa3dfa926,0xdadb0d80178819f2319190d340ce9a924f783711,0xfeeeeee44046c3f61a8cc081e0918ef0de0a7ffc,2026-08-31T19:48:05,selfdestruct_context,0x6a95674f,true
25875005,0x6fb404dc4c2e15fa23cda2ad380b9af7b7e1f036dff39858c28f78ff1fe60baf,0x4f630c9b378509990a2f5cb41d4a82a2d3277ab2,0x94e7a5dcbe816e498b89ab752661904e2f56c485,2026-08-31T19:48:05,large_erc20_asset_flow,0xd6bda0c0,true
25875005,0x8c8d0153d1029bbd75493e58ad4529d0b7be49413aa40502d981853bcf25d963,0xdadb0d80178819f2319190d340ce9a924f783711,0xfeeeeee44046c3f61a8cc081e0918ef0de0a7ffc,2026-08-31T19:48:05,selfdestruct_context,0x6a95674f,true
25875005,0x8dab09bf007b2eb0a526d15ab15ecae3a6abd0ce7817d0242e0ceb5079247c01,0x00d9fe085d99b33ab2aae8063180c63e23bf2e69,0x75884f3ada15c953529abaac6549d5204135ec36,2026-08-31T19:48:05,repeated_internal_token_drain;dense_internal_fund_flow;complex_trace;high_gas_used_context;token_activity_burst;repeated_risky_internal_calls,0xa9059cbb,true
25875006,0x20354b0caf53b98abe5ef1661a07294e9045efec8d2d242c3955c91e1e7c34a7,0x3ce1824fe012d6852f279271f29b119551b013f8,0x111111125421ca6dc452d289314280a0f8842a65,2026-08-31T19:48:16,large_erc20_asset_flow;complex_trace;high_gas_used_context;token_activity_burst,0x07ed2379,true
25875006,0x886fe36711a526247ad50679ecd0dfdeefb759d7ccf4afcf5616c4c0c13306be,0x8b5606469e21c75edd7c74d1c7a65824675d9aff,0x9ccc2f3ecde026230e11a5c8799ac7524f2bb294,2026-08-31T19:48:16,dense_internal_fund_flow;complex_trace,0x1bc74526,true
25875006,0xa6a5f8163e3eb3004f43e14ca760e5cb64295ead8f32ba91b394ed9f1f1bd3d5,0x12e615ca955b34d62aef901df13c6fffc8f48f88,0xb82aac6aecc9a8edf12345a3b1ec874575da97d4,2026-08-31T19:48:16,large_erc20_asset_flow;complex_trace,0x00000000,true
25875006,0x3edf0e563c7f76b4f73a426d0464ef87187ae71cfea8f8fec8a6b6d4fa11bd0b,0x59aab1bd0d26290274398c07b55955c15425e16b,0x00fe78205f5f0e63b8ad2b2ae5337f538a610e04,2026-08-31T19:49:19,complex_trace;high_gas_used_context,0x34fcd5be,false
25875006,0x4f1fc45ae91599df1c1a23435dfd334d6f95ae9c234e5518bd7584f69233c261,0x396343362be2a4da1ce0c1c210945346fb82aa49,0xfeeeeee44046c3f61a8cc081e0918ef0de0a7ffc,2026-08-31T19:49:19,selfdestruct_context,0x6a95675b,true
25875006,0x5b96168bfe94edcef242e5fb40794eb2fdbccfc41bdb9b02c5af910f1b8a2e5f,0x053b21bff72426b2848e817dbf6387388fe7f8ec,0x91ff8bbd8ebb07893010d50a48a1609e5ebd8e34,2026-08-31T19:49:19,complex_trace;high_gas_used_context,0x069d1525,false
25875006,0x6c9a9c2f86fefdea10933f293928c5ce90b0867eb17b17a12250c09bf3d96f5c,0x91355870a334ffc33e84503327773259e3030366,0x34deadf6268df17648b796da7376a32529a542e9,2026-08-31T19:49:19,dense_internal_fund_flow;token_activity_burst,0xa9059cbb,true
25875006,0x9685e4b4f84a7ab02873a58d05fe3f1cbdc6975f0317a93d58e008aa6e042592,0x396343362be2a4da1ce0c1c210945346fb82aa49,0xfeeeeee44046c3f61a8cc081e0918ef0de0a7ffc,2026-08-31T19:49:19,selfdestruct_context,0x6a95675b,true
25875006,0xcce7e1f7e698d2e5812e7638cc9614b79c0663770e5e46f175718c13e62a64cf,0xf88e4e3db8ca35ebfd41076ec4bad483c9c4f805,0xfa86aa141e45da5183b42792d99dede3d26ec515,2026-08-31T19:49:19,complex_trace;high_gas_used_context;token_activity_burst;approval_burst,0x04117561,true
25875007,0x5732d5fa2ce58ba51a062142680cf86d2a0e8251e19bb2ae35b086e7b4fb75d4,0x7830c87c02e56aff27fa8ab1241711331fa86f43,0xa9d1e08c7793af67e9d92fe308d5697fb81d3e43,2026-08-31T19:49:52,large_erc20_asset_flow,0xca350aa6,true
25875007,0xf6415970739a1dca3cecc3f282217809157226076e49c04ffd385f4f4924067a,0x27fe4a5d5fbc1ac2f8d73843821e72165d3b3f16,0x881d40237659c251811cec9c364ef91dc08d300c,2026-08-31T19:49:52,dense_internal_fund_flow;complex_trace,0x5f575529,true
25875007,0x02c219feff09afed0512e76bf7900c9d74fb3ccd8fc41c33682fbde78ca7ba1c,0xdadb0d80178819f2319190d340ce9a924f783711,0xfeeeeee44046c3f61a8cc081e0918ef0de0a7ffc,2026-08-31T19:49:53,selfdestruct_context,0x6a956767,true
25875007,0xf2e1c69f4b12285654e49e4d13de00647eba8c8166a1f4d8137b42c5cd1cc770,0xdadb0d80178819f2319190d340ce9a924f783711,0xfeeeeee44046c3f61a8cc081e0918ef0de0a7ffc,2026-08-31T19:49:53,selfdestruct_context,0x6a956767,true
25875008,0x08538f1807d6beaa9b33540af261792d1efeeae7048ba67ce13e11563df752c0,0x59aab1bd0d26290274398c07b55955c15425e16b,0x00fe78205f5f0e63b8ad2b2ae5337f538a610e04,2026-08-31T19:49:54,complex_trace;high_gas_used_context;token_activity_burst,0x34fcd5be,false
25875008,0x33795eb7cc5041e1ae070032eb8e5b8272882ae5535ebfaa1ff595b0fad26985,0x7249d21dda697da58c084b31d7db0f0e80dc8a36,0xd152f549545093347a162dce210e7293f1452150,2026-08-31T19:49:54,dense_internal_fund_flow,0xe63d38ed,true
25875008,0x3d0bdeb58b23e3b9a6d95d5aa66e1217f7a09d04c2d1c1d22074895e1094839b,0x59aab1bd0d26290274398c07b55955c15425e16b,0x00fe78205f5f0e63b8ad2b2ae5337f538a610e04,2026-08-31T19:49:54,complex_trace;high_gas_used_context;token_activity_burst,0x34fcd5be,false
25875009,0x4471ce18b775a07ea08018ad36f9d594233228c91ddb8b047ff7ac8e7b8cc67d,0x5b43453fce04b92e190f391a83136bfbecedefd1,0xbdb3ba9ffe392549e1f8658dd2630c141fdf47b6,2026-08-31T19:50:59,dense_internal_fund_flow,0x000000c3,true
25875009,0x44e6eb3c7fb74ad5b1b132da735a5f9219f7a22e09940819f0951f30dddef376,0x2f0f35765563ba038ba80ffb80d76eb6106b946a,0x4c82d1fbfe28c977cbb58d8c7ff8fcf9f70a2cca,2026-08-31T19:50:59,dense_internal_fund_flow,0x3593564c,true
25875009,0x5b2d2ca0b5f5ed8e65c737b4bf93c334b2d244fbe277bc5d4328427edfd44cce,0x063715c525924fd84f91dd7f169c56a8250e8c6a,0xacddac6c77318b615f7f6fb9bb67c6833e9c05f1,2026-08-31T19:50:59,large_erc20_asset_flow;complex_trace,0x571d3dc7,true
25875009,0x6544146a9fee3661a59dbfe38a907ad1da09081ba3b62d1f37f3e5f1d4dafb74,0x5bb4b22cd15144ab44b6dcbd517a3ff67f097427,0x1231deb6f5749ef6ce6943a275a1d3e7486f4eae,2026-08-31T19:50:59,dense_internal_fund_flow,0x1794958f,true
25875009,0xf1f67df40597420806aa2db7a68c6a901333ec4bc69105ecbcd695f2c73ed589,0xc00d8dac46b1f8bceae2477591822b4e5b0a7c6b,0x6446bf0d2ce9bb54cd75ea52914be0d1065f4b86,2026-08-31T19:50:59,large_erc20_asset_flow;complex_trace,0x1cff79cd,true
25875009,0xfb0ddf36554e4be82dd1123ea92a84842ec345a6a1f4d54f818cc0a0acf36c22,0x4838b106fce9647bdf1e7877bf73ce8b0bad5f97,0xfeeeeee44046c3f61a8cc081e0918ef0de0a7ffc,2026-08-31T19:50:59,selfdestruct_context,0x6a95677f,true
25875009,0x0349d33b2b49b36df7bbad4e01039631c354d8851487ef3fd2639e952c21dcae,0x4838b106fce9647bdf1e7877bf73ce8b0bad5f97,0xfeeeeee44046c3f61a8cc081e0918ef0de0a7ffc,2026-08-31T19:51:00,selfdestruct_context,0x6a95677f,true
25875009,0x09128d6ab2acf84273a4196d7431aa39c9536f384b76a27de0b4587bea84e660,0x0847d9e56875dc6cab26aba37f956b9e998a48b1,0xd0764fae29e0a6a96ff685f71cfc685456d5636c,2026-08-31T19:51:00,dense_internal_fund_flow;large_erc20_asset_flow;complex_trace,0x23caab49,true
25875009,0x0ab91c608825aea19833726a2d21431c99f552ddac7e7764b0195042ebc52990,0x0beea0e1f3d79cb55633530e291336dab9a7d82d,0xad3b67bca8935cb510c8d18bd45f0b94f54a968f,2026-08-31T19:51:00,complex_trace;approval_burst,0x146ee74d,false
25875009,0x39ebfea6908de2aadee1d9cad7bedcdcd5e7de03adc189f322efd5da4a2bb651,0x5c096ef846447cb935c5d247e4ab2a867ecc33a9,0x00000f91109c4d0007e90000d9facad5298a0cac,2026-08-31T19:51:00,repeated_internal_token_drain;dense_internal_fund_flow;complex_trace;high_gas_used_context;token_activity_burst;approval_burst,0x00000000,true
25875009,0x51a13cbab249bea51390aad290ec31959ca3cd4df9475198765e37aedc2257ae,0x09cfee647fa339133380191c8db6b44f24500c9d,0x0ca8e8d976df3321f6ff0a8cca96536a51565c81,2026-08-31T19:51:00,repeated_internal_token_drain;dense_internal_fund_flow;complex_trace;high_gas_used_context;token_activity_burst;repeated_risky_internal_calls,0xa9059cbb,true
25875009,0x6ec4609196e52889a309ea232bfbadebd6e6c080ee7cd7db624bb916a12a1070,0x59aab1bd0d26290274398c07b55955c15425e16b,0x00fe78205f5f0e63b8ad2b2ae5337f538a610e04,2026-08-31T19:51:00,high_gas_used_context;token_activity_burst,0x34fcd5be,false
25875009,0x99274c77af59bf5cf8845a65fa41ffd5fb02e6f67591ef8ff84d500c881a6fbb,0x53f749475a27de6b5ee16ad05b40c4735e8f5658,,2026-08-31T19:51:00,large_mint_to_sender;high_gas_used_context;contract_creation_context,0x60806040,true
25875009,0xab000386dd89a1444fdad1022dff5d4e6111a84c0706706ce55998943f4c9253,0x42715ba91deda3c692b9f540cee2fbb4dae78bbb,0xacddac6c77318b615f7f6fb9bb67c6833e9c05f1,2026-08-31T19:51:00,large_erc20_asset_flow;complex_trace,0x571d3dc7,true
25875009,0xaffe1137f5ddc82d437e7ba235ea8223e3ae2c4e55be98038abe96870f3e5679,0xf4d02174bdaa72dcd126da640cb57411aadde0bf,0x7777857616fb37f0cfa262e9bb945e828312df17,2026-08-31T19:51:00,large_erc20_asset_flow;complex_trace,0x3fa72595,true
25875009,0xb2ee99682009123f151f1a7663714443f7a8100a5e53540ed13a805389296c10,0x13e7a904c0c6ace222b3d6b6567fbc5192041127,0x7777857616fb37f0cfa262e9bb945e828312df17,2026-08-31T19:51:00,large_erc20_asset_flow;complex_trace,0x3fa72595,true
25875009,0xc2b10e3387d6fd8d45696275ccc58e8e9b6c4e80b3850a285edcc0d2b3bdc89a,0xd714e1d25067c2421ea58b962d900732f77ab23b,0xcd2bdb8af031d29d2bc38ef08b842d31e344384c,2026-08-31T19:51:00,repeated_internal_token_drain;dense_internal_fund_flow;complex_trace;high_gas_used_context;token_activity_burst;repeated_risky_internal_calls,0xa9059cbb,true
25875009,0xda851b56d269eb408fa3cbb6d7e3fa2fae24f470ba91bfad479ac29bd98bc816,0x09cfee647fa339133380191c8db6b44f24500c9d,0x0ca8e8d976df3321f6ff0a8cca96536a51565c81,2026-08-31T19:51:00,repeated_internal_token_drain;dense_internal_fund_flow;complex_trace;high_gas_used_context;token_activity_burst;repeated_risky_internal_calls,0xa9059cbb,true
25875010,0x51edacdac84d3a40ae34195392d295604164cd83c6d720698eee6e0bb85c0ed8,0x320d00463a0a7e74bdb577cbf5830056d5f22d71,0x6131b5fae19ea4f9d964eac0408e4408b66337b5,2026-08-31T19:51:02,complex_trace;high_gas_used_context,0xe21fd0e9,false
25875010,0xfe58bfb85fa315bb4267c28829c4a28961cc3ad3d07cbd0340dacfa94ddf513f,0x5c8e47d95714c0dd48c7b0c91b0228ccd3dfbfbe,0xa0f1c3ad83e07d97b5e7030e177718be175275ea,2026-08-31T19:51:02,large_erc20_asset_flow;complex_trace,0x12aa3caf,true
25875010,0x5c25213e0cfd5c3de7eba9166813b6896810b5b4646da304aa04f040a3aba9e2,0x310144270eeaa2da8406e7a6122de96f700aa9ec,0x32dddf1226561ed8097b8739e5fe35440d9a8fd5,2026-08-31T19:51:33,dense_internal_fund_flow;complex_trace,0x6a761202,true
25875010,0xc10ec8d2d8b668e67bede8f29305208145d2db60e51bad3bf00cbddd343369ed,0xf4d02174bdaa72dcd126da640cb57411aadde0bf,0x7777857616fb37f0cfa262e9bb945e828312df17,2026-08-31T19:51:33,large_erc20_asset_flow;complex_trace,0x3fa72595,true
25875010,0xed4740a6f900a23432533bd85f367d9bf60bc8f3a03c9402bccc9c0576c0e703,0x06a301bd7425a74cf4724790a5ebfb4306b86b69,0x8feab81d36e7576107d5de0758c1b839be31b4f6,2026-08-31T19:51:33,complex_trace;high_gas_used_context,0x0c307f76,false
25875010,0xf575bbd0f7275b7bc30a3c337b5332cf6644f9cb35f305c83f4d34d807e4a0f8,0xb00439e6f77af558c79005ee9d158df547490e88,0x0000000071727de22e5e9d8baf0edac6f37da032,2026-08-31T19:51:33,complex_trace;high_gas_used_context,0x765e827f,false
25875010,0xfc61b845ee25f26754afc7ccaa12302b7925a9907f027cfbe38c54a669acf176,0x4588dd854bd3669eec1433f9a36f19a4f68b1548,0xe9236c2de544076f974b402c8b6f26058449d745,2026-08-31T19:52:03,high_gas_used_context;token_activity_burst,0xa9059cbb,false
25875010,0x2ff4c133f73fb1b8a7e7b85f9fd0a2febb7a67989ad1743802e581562c32be60,0x09cfee647fa339133380191c8db6b44f24500c9d,0x0ca8e8d976df3321f6ff0a8cca96536a51565c81,2026-08-31T19:52:04,repeated_internal_token_drain;dense_internal_fund_flow;complex_trace;high_gas_used_context;token_activity_burst;repeated_risky_internal_calls,0xa9059cbb,true
25875010,0x31986300ac0bf7194463d60f39d54d0d9071d616626c66e89858700a60583c8f,0x09cfee647fa339133380191c8db6b44f24500c9d,0x0ca8e8d976df3321f6ff0a8cca96536a51565c81,2026-08-31T19:52:04,repeated_internal_token_drain;dense_internal_fund_flow;complex_trace;high_gas_used_context;token_activity_burst;repeated_risky_internal_calls,0xa9059cbb,true
25875010,0x3d0ce26e8d5c1203e171e1a14c63202541d825a6173241ce7c2ad2e5e6c9c01d,0x09cfee647fa339133380191c8db6b44f24500c9d,0x0ca8e8d976df3321f6ff0a8cca96536a51565c81,2026-08-31T19:52:04,repeated_internal_token_drain;dense_internal_fund_flow;complex_trace;high_gas_used_context;token_activity_burst;repeated_risky_internal_calls,0xa9059cbb,true
25875010,0x4bb772809c779fdb0c77c97ef92cf870d86578b59c65621232c21ace8c61efe5,0x09cfee647fa339133380191c8db6b44f24500c9d,0x0ca8e8d976df3321f6ff0a8cca96536a51565c81,2026-08-31T19:52:04,repeated_internal_token_drain;dense_internal_fund_flow;complex_trace;high_gas_used_context;token_activity_burst;repeated_risky_internal_calls,0xa9059cbb,true
25875010,0x600e587f651205902cc3c87478d580e425b9e77f994c5e0d7fec92c4bb9ba6c5,0x09cfee647fa339133380191c8db6b44f24500c9d,0x0ca8e8d976df3321f6ff0a8cca96536a51565c81,2026-08-31T19:52:04,repeated_internal_token_drain;dense_internal_fund_flow;complex_trace;high_gas_used_context;token_activity_burst;repeated_risky_internal_calls,0xa9059cbb,true
25875010,0xce5bea81b71a6fd15cac69040ba08399255421fe0f6c40b0ee0f3f9df0a35bdd,0x09cfee647fa339133380191c8db6b44f24500c9d,0x0ca8e8d976df3321f6ff0a8cca96536a51565c81,2026-08-31T19:52:04,repeated_internal_token_drain;dense_internal_fund_flow;complex_trace;high_gas_used_context;token_activity_burst;repeated_risky_internal_calls,0xa9059cbb,true
25875010,0x2e3506456e04ee2450b4f84880e8bd63130983d0550d101015c1b41d823452b2,0x396343362be2a4da1ce0c1c210945346fb82aa49,0xfeeeeee44046c3f61a8cc081e0918ef0de0a7ffc,2026-08-31T19:52:34,selfdestruct_context,0x6a95678b,true
25875010,0x6461e3a1c4bab543076c68441afe30241580e753c79a0572d955b0fbe8da2c82,0x35a31744530bf5963c83998344567965969b8f11,0x8090a9db6aca56ffa186c75ca0787b18af1058a0,2026-08-31T19:52:34,large_erc20_asset_flow;privileged_execution_context;complex_trace,0xd85064c2,true
25875010,0x7023507055925b90f08595f444a27d7a2ccc16192546f498e335430678366bed,0x82ab9b3eea855edebcae33b20fac3cc6800f3597,0xf4e147db314947fc1275a8cbb6cde48c510cd8cf,2026-08-31T19:52:34,privileged_execution_context,0x760d0f9d,false
25875010,0x80c7a57dcb70dffe077d19cfbf3d15786008e59d16c91fba466757dc9046569d,0x396343362be2a4da1ce0c1c210945346fb82aa49,0xfeeeeee44046c3f61a8cc081e0918ef0de0a7ffc,2026-08-31T19:52:34,selfdestruct_context,0x6a95678b,true
25875011,0x4765e97c51f5bafe1010351d735224f5a005ca7cc3fab7817c138bb89f908f6a,0x396343362be2a4da1ce0c1c210945346fb82aa49,0xfeeeeee44046c3f61a8cc081e0918ef0de0a7ffc,2026-08-31T19:52:36,selfdestruct_context,0x6a956797,true
25875011,0x5bfa90a7a6e7efc1ad89938e62b1198a2af606f4c3d80b510c112aca3929d7dd,0x062ce42cae04c51d04e77e3d64cc8953a2296ffe,0x8a25a24ede9482c4fc0738f99611be58f1c839ab,2026-08-31T19:52:36,large_erc20_asset_flow;complex_trace,0x6a761202,true
25875011,0x858f10aaef1415fefb83ab5ec6c1dcc9d2e5fa1c61bf3060c8df0fb076d293d4,0xfc3facd67138966ab0c841e905b0c4bca1abe92f,0x8feab81d36e7576107d5de0758c1b839be31b4f6,2026-08-31T19:52:36,complex_trace;high_gas_used_context;token_activity_burst,0x0c307f76,true
25875011,0x98fd0d2539df737db98aeb1e9a206e335bb8610b1cc3207b02a2c1d7cf062b5d,0x13b5f7c38da2f6d22c48b69feadab8bf2397bfe6,0xcec1caa28ebc876d0883a0c492831e06e167b8b3,2026-08-31T19:52:36,selfdestruct_context,0xf3fef3a3,false
25875011,0xa310adb8ade51ab108e97bc2cb9621917837beb05e6a902c71d545fc1a0a9a50,0x7b49bc3ebbdf7322f31c6449320382bbec3be1b6,0xad3b67bca8935cb510c8d18bd45f0b94f54a968f,2026-08-31T19:52:36,complex_trace;approval_burst,0x146ee74d,false
25875011,0xbeae321ef42e25c63915100506418efc5a4cc3a693b0998bd9c24322ac5e3369,0x13e7a904c0c6ace222b3d6b6567fbc5192041127,0x7777857616fb37f0cfa262e9bb945e828312df17,2026-08-31T19:52:36,large_erc20_asset_flow;complex_trace,0x3fa72595,true
25875012,0xcf44bb966df9db429de886c54c3a61031cd8de88c0b5b688a25cbdb279eba7ce,0xf70da97812cb96acdf810712aa562db8dfa3dbef,0xccc88a9d1b4ed6b0eaba998850414b24f1c315be,2026-08-31T19:52:38,large_erc20_profit_to_sender;large_erc20_asset_flow;complex_trace;high_gas_used_context;token_activity_burst,0x0a2b8f36,true
25875012,0xd8a51d281c9cff1842f2244d6ca984e1e91e34732cd078a7d70c911f16fab41a,0xe99bd1c2dd70cd58e5efd47887991700e7318ce2,0xad3b67bca8935cb510c8d18bd45f0b94f54a968f,2026-08-31T19:52:38,complex_trace;high_gas_used_context;token_activity_burst;approval_burst,0x146ee74d,false
25875012,0x49f57dc533ba4702612048316d9d39881c652931f3966e60569bf463758eccb3,0x59aab1bd0d26290274398c07b55955c15425e16b,0x00fe78205f5f0e63b8ad2b2ae5337f538a610e04,2026-08-31T19:52:39,complex_trace;high_gas_used_context;token_activity_burst,0x34fcd5be,false
25875012,0x6caa6fe3d46e5366f2dc2eac3e54f7ed0bc7ab3256e60464e10bbc695c8ae0e9,0x13e7a904c0c6ace222b3d6b6567fbc5192041127,0x7777857616fb37f0cfa262e9bb945e828312df17,2026-08-31T19:52:39,large_erc20_asset_flow;complex_trace,0x3fa72595,true
25875012,0x84385d5d892381fa74698a097fde093d2312290e6a3f9a8dd15f8511fa95dd3b,0xde7a849216aa3884d53d84ecb02c19eb67e5dae2,0x7d9f4ca54131e588fc1fe577973b55fb11231e76,2026-08-31T19:52:39,repeated_internal_token_drain;dense_internal_fund_flow;complex_trace;high_gas_used_context;token_activity_burst;repeated_risky_internal_calls,0x6aac3a0b,true
25875012,0xac5b3fe5f75991c9267e99c717697d3dad662b47a6402c0e516bfcc036cb2452,0x80d04079ffc53eb14edbeeb37279d126f45552df,0x96094c27a02cfd7ef07291a6455519f6da355fda,2026-08-31T19:52:39,repeated_internal_token_drain;dense_internal_fund_flow;complex_trace;high_gas_used_context;token_activity_burst;repeated_risky_internal_calls,0x8aaa8f3b,true
25875012,0xdc5dc02fb69df3f625034e189a79b5e9b996c04224024eaa66514a5553b0f007,0xf4d02174bdaa72dcd126da640cb57411aadde0bf,0x7777857616fb37f0cfa262e9bb945e828312df17,2026-08-31T19:52:39,large_erc20_asset_flow;complex_trace,0x3fa72595,true
25875012,0xe12c85c04d019dcb73422d8fab7e13fdedff37f4a7d7d79fc5091b91e74b7b46,0x4337012eaf1f862b8dbdc6b62a01782ae01ef038,0x0000000071727de22e5e9d8baf0edac6f37da032,2026-08-31T19:52:39,large_erc20_asset_flow,0x765e827f,true
25875012,0x1e3dfca12c150a1cdecb2256a8ad755932f352a1cd959093f8248cc18f33cdce,0x396343362be2a4da1ce0c1c210945346fb82aa49,0xfeeeeee44046c3f61a8cc081e0918ef0de0a7ffc,2026-08-31T19:52:40,selfdestruct_context,0x6a9567a3,true
25875012,0x25f26fd43d91024575522df9d6a7d53f1d6152e0cd0f9d221924f3bdd7734ce7,0x396343362be2a4da1ce0c1c210945346fb82aa49,0xfeeeeee44046c3f61a8cc081e0918ef0de0a7ffc,2026-08-31T19:52:40,selfdestruct_context,0x6a9567a3,true
25875012,0x71a3a6ffe4d4b43d5cb0bd5254ec71c3abdad69118dc36589d75f205b920a9fc,0x425bbc2cff0c7e7960baa9bac2f0cb67b41d3bef,0xd1a3c20488899c038b7daae1ede0c6da6c36c326,2026-08-31T19:52:40,large_erc20_asset_flow;complex_trace,0x311b0198,true
25875012,0x908f7903c7420e3cc9432b5a31ee253fec48ab976bde9bf773e263d6e810b5f8,0x396343362be2a4da1ce0c1c210945346fb82aa49,0xfeeeeee44046c3f61a8cc081e0918ef0de0a7ffc,2026-08-31T19:52:40,selfdestruct_context,0x6a9567a3,true
25875013,0x7a6a35a02cf6b7a89af4fc6ad514b0b7db185609d4af4df548f7cae42c9ccfeb,0x3932456ba61961b2c55eba355041727f8c448054,0x405f3a0cf62ff3fee42c49d4f6d8bb397d04da33,2026-08-31T19:52:41,large_erc20_asset_flow;complex_trace,0x099a9e45,true
25875013,0x4be5a4fa320e42cfbf415f5b75e2b84c6c72621a6c12b47bd41e379fa20a772c,0x13e7a904c0c6ace222b3d6b6567fbc5192041127,0x7777857616fb37f0cfa262e9bb945e828312df17,2026-08-31T19:52:42,large_erc20_asset_flow;complex_trace,0x3fa72595,true
25875013,0x6df65ebc5858081bbe1f4ff6e87f973b264d8788f12abcad5015d5779d2e9719,0xc6acbee42e9e323140c1ed060c2f6ea9cc3b4b75,0x7c5a71c9fefbc7691f9d4ac7baf70c743792f716,2026-08-31T19:52:42,selfdestruct_context,0xf3fef3a3,false
25875013,0x95894b512aaedfa28616cf797282c7e42206efb041516a586ea64823d2d3f736,0x2147838f241fb984f9229fec1c148f0fb58d70a7,0x0a252663dbcc0b073063d6420a40319e438cfa59,2026-08-31T19:52:42,dense_internal_fund_flow;large_mint_to_sender;very_complex_trace;high_gas_used_context;token_activity_burst;selfdestruct_context,0xf5878b9b,true
25875013,0xb0d7144da0372b0930ed2a4d2edb06a2cfd496d82043ca6f91028df8dd11e8ab,0x59aab1bd0d26290274398c07b55955c15425e16b,0x00fe78205f5f0e63b8ad2b2ae5337f538a610e04,2026-08-31T19:52:42,repeated_internal_token_drain;dense_internal_fund_flow;complex_trace;high_gas_used_context;token_activity_burst;repeated_risky_internal_calls,0x34fcd5be,true
25875013,0xcb3fea869198003d02b18c53cef2be176989af135307d2eedbabb25569c7e773,0xf4d02174bdaa72dcd126da640cb57411aadde0bf,0x7777857616fb37f0cfa262e9bb945e828312df17,2026-08-31T19:52:42,large_erc20_asset_flow;complex_trace,0x3fa72595,true
25875013,0xf0d3f4ca286ea024ed684c05091fc14b89895b62d1d9a4add31d578e68e5965a,0xce54f65abb8b61b83c14cbe97de97fce75bbf556,0x0000000071727de22e5e9d8baf0edac6f37da032,2026-08-31T19:52:42,large_erc20_asset_flow;complex_trace,0x765e827f,true
25875013,0x0968e142c2edceff47f0b09f546595462947053fd9d77ac2c7cb1dff9b9f9b92,0xe3009dfb2e76b6d5b076d2f11a90d80747ea467f,0xc10fc8fa761285fa3fa25aafcc10a54456ee8919,2026-08-31T19:53:43,dense_internal_fund_flow;very_complex_trace;high_gas_used_context;repeated_risky_internal_calls,0xa9059cbb,true
25875013,0x463c7bc78b379683aed89bd48e6e390a7581c042574886b4b0e16e11a6b35c34,0x09cfee647fa339133380191c8db6b44f24500c9d,0x0ca8e8d976df3321f6ff0a8cca96536a51565c81,2026-08-31T19:53:45,repeated_internal_token_drain;dense_internal_fund_flow;complex_trace;high_gas_used_context;token_activity_burst;repeated_risky_internal_calls,0xa9059cbb,true
25875013,0x946dcaae29c78eda04236b30e6faee4a6aa81acf20041bde3a295765cd314b79,0x4838b106fce9647bdf1e7877bf73ce8b0bad5f97,0xfeeeeee44046c3f61a8cc081e0918ef0de0a7ffc,2026-08-31T19:53:45,selfdestruct_context,0x6a9567af,true
25875013,0xf16638f24cf4759f2b8a7941044621dcd5f968cfb558bc3e8f105b5353434352,0x09cfee647fa339133380191c8db6b44f24500c9d,0x0ca8e8d976df3321f6ff0a8cca96536a51565c81,2026-08-31T19:53:45,repeated_internal_token_drain;dense_internal_fund_flow;complex_trace;high_gas_used_context;token_activity_burst;repeated_risky_internal_calls,0xa9059cbb,true
25875014,0x11e4491f20b6a0e19734920e57ea05ff5bb6d13df829d64ead9e995bce69a1b1,0xd43abb2238036a26daa298bba49107c54efeffb1,,2026-08-31T19:53:50,repeated_internal_token_drain;dense_internal_fund_flow;very_complex_trace;high_gas_used_context;token_activity_burst;contract_creation_context;repeated_risky_internal_calls,0x60808060,true
25875014,0x69911f8d61df515e013e09d9f95a7ffaacadbeb9bd6b0a6fe3aca2a257e211ae,0xffd2a44ab3e76471e09c69f7558bf8751d6d0a97,0xf75584ef6673ad213a685a1b58cc0330b8ea22cf,2026-08-31T19:53:50,privileged_execution_context;complex_trace;high_gas_used_context;approval_burst,0xb94c3609,false
25875014,0x6a541aba1914c61a8edb3122f98325fedeefa8a8a24a901d001063c348611640,0x09cfee647fa339133380191c8db6b44f24500c9d,0x0ca8e8d976df3321f6ff0a8cca96536a51565c81,2026-08-31T19:53:50,repeated_internal_token_drain;dense_internal_fund_flow;complex_trace;high_gas_used_context;token_activity_burst;repeated_risky_internal_calls,0xa9059cbb,true
25875014,0x792c34a6af23401c5b48b3b0920cf222448a0d97c0d76b33c9d57c6466778a69,0x4838b106fce9647bdf1e7877bf73ce8b0bad5f97,0xfeeeeee44046c3f61a8cc081e0918ef0de0a7ffc,2026-08-31T19:53:50,selfdestruct_context,0x6a9567bb,true
25875014,0x84914cf73e06c61c17aef1a6dab8eed79ffc03a732e5a20c90a92c281693a1dd,0x09cfee647fa339133380191c8db6b44f24500c9d,0x0ca8e8d976df3321f6ff0a8cca96536a51565c81,2026-08-31T19:53:50,repeated_internal_token_drain;dense_internal_fund_flow;complex_trace;high_gas_used_context;token_activity_burst;repeated_risky_internal_calls,0xa9059cbb,true
25875014,0xa9c810bf3b7b44b10c6986c66317f9eecc5ac74bae154cd2d462f1c174ffcb00,0x4838b106fce9647bdf1e7877bf73ce8b0bad5f97,0xfeeeeee44046c3f61a8cc081e0918ef0de0a7ffc,2026-08-31T19:53:50,selfdestruct_context,0x6a9567bb,true
25875014,0xf3b736a84eb385e1c7a98c130cc5a40048a25946783a49628e7573b33f5e6189,0x8b5606469e21c75edd7c74d1c7a65824675d9aff,0x9ccc2f3ecde026230e11a5c8799ac7524f2bb294,2026-08-31T19:53:50,dense_internal_fund_flow;complex_trace,0x1bc74526,true
25875015,0x20b2400067cc94c344cbcf56047ed8eb7f1327a015577f1a9f0b41436563b8ef,0x43370146366cfea21302962ae3a558d72bbcc487,0x0000000071727de22e5e9d8baf0edac6f37da032,2026-08-31T19:53:51,privileged_execution_context;complex_trace,0x765e827f,false
25875015,0x65892fd8c11c964d2ae0978bea6182a074b34c601f8d2fb8aa64dd4a0390720f,0xce54f65abb8b61b83c14cbe97de97fce75bbf556,0x5ff137d4b0fdcd49dca30c7cf57e578a026d2789,2026-08-31T19:53:51,privileged_execution_context,0x1fad948c,false
25875015,0x1860da43c75303caf62a6240b03a782cef62ac90f8f7dd51b5e08e2721cdeba9,0x09cfee647fa339133380191c8db6b44f24500c9d,0x0ca8e8d976df3321f6ff0a8cca96536a51565c81,2026-08-31T19:54:23,repeated_internal_token_drain;dense_internal_fund_flow;complex_trace;high_gas_used_context;token_activity_burst;repeated_risky_internal_calls,0xa9059cbb,true
25875015,0x7bfe5169a81b031144523433095caf896bf7282d4deccd49b9d77f568938dc51,0x09cfee647fa339133380191c8db6b44f24500c9d,0x0ca8e8d976df3321f6ff0a8cca96536a51565c81,2026-08-31T19:54:23,repeated_internal_token_drain;dense_internal_fund_flow;complex_trace;high_gas_used_context;token_activity_burst;repeated_risky_internal_calls,0xa9059cbb,true
25875015,0x8b2d421ae7a6376b71579831c7ea4b5c9c3c19f36a15ad6fd1faa6ba6208dabe,0x396343362be2a4da1ce0c1c210945346fb82aa49,0xfeeeeee44046c3f61a8cc081e0918ef0de0a7ffc,2026-08-31T19:54:23,selfdestruct_context,0x6a9567c7,true
25875015,0xac61722e335e05324c45ea18c347ff1bee8431bd9665caff0f2681253b1bbd24,0x09cfee647fa339133380191c8db6b44f24500c9d,0x0ca8e8d976df3321f6ff0a8cca96536a51565c81,2026-08-31T19:54:23,repeated_internal_token_drain;dense_internal_fund_flow;complex_trace;high_gas_used_context;token_activity_burst;repeated_risky_internal_calls,0xa9059cbb,true
25875015,0xd6a6f0454aa2e1bc67c24376d0d6cd47df941c2e9ef06916c6d84d9f22f58f2a,0x6cc149b5f9ffcc44c46eb4502989e3f724030053,0xfeeeeee44046c3f61a8cc081e0918ef0de0a7ffc,2026-08-31T19:54:23,selfdestruct_context,0x6a9567c7,true
25875016,0x7f44658556ead1f5489fd32dc057ca61dc9a128300f97e175cae7999ecc17a58,0xf4d02174bdaa72dcd126da640cb57411aadde0bf,0x7777857616fb37f0cfa262e9bb945e828312df17,2026-08-31T19:54:25,large_erc20_asset_flow;complex_trace,0x3fa72595,true
25875016,0x1b3db1fdf4db869fcc32ab3198ac9426dc598bc62f847e69a128be3117c7656e,0xc6acbee42e9e323140c1ed060c2f6ea9cc3b4b75,0x7c5a71c9fefbc7691f9d4ac7baf70c743792f716,2026-08-31T19:54:47,selfdestruct_context,0xf3fef3a3,false
25875016,0x1d8385f45ef1fd0864a02cbfb3f2d5dd57fd8dc3ac855643e74cd0e7251d96eb,0x396343362be2a4da1ce0c1c210945346fb82aa49,0xfeeeeee44046c3f61a8cc081e0918ef0de0a7ffc,2026-08-31T19:54:47,selfdestruct_context,0x6a9567d3,true
25875016,0x25b0c2127bab1ff6f86fa32bd9a1510e75c78309d0d322a2eb58a70cd5b59061,0x320d00463a0a7e74bdb577cbf5830056d5f22d71,0x94e7a5dcbe816e498b89ab752661904e2f56c485,2026-08-31T19:54:47,large_erc20_asset_flow;complex_trace,0xac9650d8,true
25875016,0x9d64aed6572cc3ca97776e409578ead79c7af83e45a34c527013b99f8b93fd64,0x59aab1bd0d26290274398c07b55955c15425e16b,0x00fe78205f5f0e63b8ad2b2ae5337f538a610e04,2026-08-31T19:54:47,complex_trace;high_gas_used_context,0x34fcd5be,false
25875016,0xd73e74012ab602d8369a7987870c18e07e3734a4268b9dd117ca87924c13131f,0x396343362be2a4da1ce0c1c210945346fb82aa49,0xfeeeeee44046c3f61a8cc081e0918ef0de0a7ffc,2026-08-31T19:54:47,selfdestruct_context,0x6a9567d3,true
25875018,0x63bd9671540c32d84d09ad9aca1e13231f03ee5c67ddeef501bcfc9d2706feba,0xa67d7eb4dc68fa6ce8e34ef8cadaf075b9893fbb,0xccc88a9d1b4ed6b0eaba998850414b24f1c315be,2026-08-31T19:54:55,dense_internal_fund_flow;complex_trace,0x0a2b8f36,true
25875018,0x4903e8b29bf18fec1c545fb13828c35f3f69e70564287601cdcf3f8a2c560122,0x6c45b0a56a451a86f67e65ffb090bcde940933cf,0x91ff8bbd8ebb07893010d50a48a1609e5ebd8e34,2026-08-31T19:54:56,complex_trace;high_gas_used_context,0x069d1525,false
25875018,0x5bca91de701329cee242c7d79314953b83055a8f836e095e266b55958e1dea4b,0x9235910f410478b89f86e06be0e4535335af6dea,0x00000f91109c4d0007e90000d9facad5298a0cac,2026-08-31T19:54:56,repeated_internal_token_drain;dense_internal_fund_flow;complex_trace;high_gas_used_context;token_activity_burst;approval_burst,0x00000000,true
25875018,0x66539b33351d48fbdcf362011170e00c35a68382fc516f38874f5eb270b73bd7,0x9235910f410478b89f86e06be0e4535335af6dea,0x00000f91109c4d0007e90000d9facad5298a0cac,2026-08-31T19:54:56,repeated_internal_token_drain;dense_internal_fund_flow;complex_trace;high_gas_used_context;token_activity_burst;approval_burst,0x00000000,true
25875018,0x7b65d514617d8b434cee65bbb34c3b041b724ec461e54ac805e73f723ab93ab1,0x9235910f410478b89f86e06be0e4535335af6dea,0x00000f91109c4d0007e90000d9facad5298a0cac,2026-08-31T19:54:56,repeated_internal_token_drain;dense_internal_fund_flow;complex_trace;high_gas_used_context;token_activity_burst;approval_burst,0x00000000,true
25875018,0x7fc29542a6b67af321802fd17c437077307581707096f169c2a5403deb6f8cc2,0xfeed46c11f57b7126a773eec6ae9ca7ae1c03c9a,0xbeef0c075da5d01112ae5cf34d257074fb5ddb2f,2026-08-31T19:54:56,large_erc20_asset_flow;complex_trace;high_gas_used_context,0xac9650d8,true
25875018,0x976d764fcc02d5022e754a8a9e0352d93e396b4701e6714621c576cec94cb692,0x13e7a904c0c6ace222b3d6b6567fbc5192041127,0x7777857616fb37f0cfa262e9bb945e828312df17,2026-08-31T19:54:56,large_erc20_asset_flow;complex_trace,0x3fa72595,true
25875018,0xb30638133d2c773200f3ab6bc1600054468f8df8805442737b34619f3d4f68ec,0x9235910f410478b89f86e06be0e4535335af6dea,0x00000f91109c4d0007e90000d9facad5298a0cac,2026-08-31T19:54:56,repeated_internal_token_drain;dense_internal_fund_flow;complex_trace;high_gas_used_context;token_activity_burst;approval_burst,0x00000000,true
25875018,0xe6286a408ed8844bf0e1ff2d47e4a5a7dc49c5ade36a1b6c84869e7f6cb0c512,0x9235910f410478b89f86e06be0e4535335af6dea,0x00000f91109c4d0007e90000d9facad5298a0cac,2026-08-31T19:54:56,repeated_internal_token_drain;dense_internal_fund_flow;complex_trace;high_gas_used_context;token_activity_burst;approval_burst,0x00000000,true
25875018,0x0844ed5567d336261fe278185a3d670a1b2d074fb263e663a93c5da25a8f3db6,0x59aab1bd0d26290274398c07b55955c15425e16b,0x00fe78205f5f0e63b8ad2b2ae5337f538a610e04,2026-08-31T19:55:26,complex_trace;high_gas_used_context,0x34fcd5be,false
25875018,0x28c42bffed3b422eb430568b547d86ec47533fd496f40532ea9fb838f4f00f42,0x59aab1bd0d26290274398c07b55955c15425e16b,0x00fe78205f5f0e63b8ad2b2ae5337f538a610e04,2026-08-31T19:55:27,complex_trace;high_gas_used_context;token_activity_burst,0x34fcd5be,false
25875018,0x59e67fd3215978eebdcb0a5de7d4c571187db473d3c6d2768053a6fd0200be1a,0xde5ce22a56ed76bf7054121500b23a718399feb7,0x43de2d77bf8027e25dbd179b491e8d64f38398aa,2026-08-31T19:55:27,large_erc20_asset_flow;complex_trace,0xc280c905,true
25875018,0xe0f670751a900e991d33d2a1f512bba019bcef542c572982be55ce308673d900,0x4838b106fce9647bdf1e7877bf73ce8b0bad5f97,0xfeeeeee44046c3f61a8cc081e0918ef0de0a7ffc,2026-08-31T19:55:27,selfdestruct_context,0x6a9567eb,true
25875019,0x0000cc865a38549edfe3ffd5676216ffd4aab1d8437a091f9a91f046f0a4026f,0xc6acbee42e9e323140c1ed060c2f6ea9cc3b4b75,0x7c5a71c9fefbc7691f9d4ac7baf70c743792f716,2026-08-31T19:55:52,selfdestruct_context,0xf3fef3a3,true
25875019,0x19bb35802dcc53b998abad5a9edc394162989f4a22af18685c6f9992611c63ae,0x1ae50ea276d28cf238b66a97e3fbfbc6e0c12b0b,0x0ba6d224169bbfad4eb2d38c500d2c8e8ede696c,2026-08-31T19:55:53,dense_internal_fund_flow;complex_trace;high_gas_used_context;token_activity_burst,0x5742f567,true
25875019,0x8d8e83ea69f0b05238729706de7d0ad427556cfaa0c0b3bc6251a1313b6e5086,0xe8397d64ac8c587e74d54d70c5781989f0dc00c0,0x0000000000000068f116a894984e2db1123eb395,2026-08-31T19:55:53,complex_trace;high_gas_used_context;token_activity_burst,0x87201b41,true
25875019,0xc4ff48fbbc2d910262fd7738382243953e43b9a51080e6f63d6e55f86162cb61,0xa506ea8613f2bf1f498f5fd3e849369651555fc8,0x1231deb6f5749ef6ce6943a275a1d3e7486f4eae,2026-08-31T19:55:53,dense_internal_fund_flow;complex_trace,0x3110c7b9,true
25875019,0x1010f8ccc8068ce11efb028cad0168a53eba58adc5b7c81a4e3e322933712651,0x396343362be2a4da1ce0c1c210945346fb82aa49,0xfeeeeee44046c3f61a8cc081e0918ef0de0a7ffc,2026-08-31T19:55:55,selfdestruct_context,0x6a9567f7,true
25875019,0x31c7704fbae3713872af3d00118305dd63e2cc0524286a3fe6f5aa83e116ffca,0x09cfee647fa339133380191c8db6b44f24500c9d,0x0ca8e8d976df3321f6ff0a8cca96536a51565c81,2026-08-31T19:55:55,repeated_internal_token_drain;dense_internal_fund_flow;complex_trace;high_gas_used_context;token_activity_burst;repeated_risky_internal_calls,0xa9059cbb,true
25875019,0x4426af7a5fddc6125a3677255559529e106df6ad25e4ab7ca0a6cfd345cfe84d,0xf4d02174bdaa72dcd126da640cb57411aadde0bf,0x7777857616fb37f0cfa262e9bb945e828312df17,2026-08-31T19:55:55,large_erc20_asset_flow;complex_trace,0x3fa72595,true
25875019,0xa08279e2b55a216430356a18cd3b7fa85c4d810d61ddaf44f9b2ab283ddd8488,0x2147838f241fb984f9229fec1c148f0fb58d70a7,0x0a252663dbcc0b073063d6420a40319e438cfa59,2026-08-31T19:55:55,dense_internal_fund_flow;large_mint_to_sender;very_complex_trace;high_gas_used_context;token_activity_burst;selfdestruct_context,0xf5878b9b,true
25875019,0xa8610fbdff22cbcf9b12eef27b86b8ab3c0aea02867e1686400cfe74b8a8d6f9,0x396343362be2a4da1ce0c1c210945346fb82aa49,0xfeeeeee44046c3f61a8cc081e0918ef0de0a7ffc,2026-08-31T19:55:55,selfdestruct_context,0x6a9567f7,true
25875019,0xa91818d43d78ab091c810a9ccd49a244295738970ddb80c41bb27c1d9d8fb670,0x283132390ea87d6ecc20255b59ba94329ee17961,0x604e586f17ce106b64185a7a0d2c1da5bace711e,2026-08-31T19:55:55,large_erc20_asset_flow;complex_trace,0x22bee494,true
25875019,0xea6a3a6e7e1af6c728ec6ab6ad7baacab00d2a801e9e4f141b0df55836fa4f40,0xb23360ccdd9ed1b15d45e5d3824bb409c8d7c460,0x09c30cdcdd971423cb3ba757a47d56c35d06d818,2026-08-31T19:55:55,dense_internal_fund_flow,0x318adb8b,true
25875019,0xeabf40ded9f4a984afaab31ec42749a5839ec72bd6719a5ef39af95c861fd484,0xfeed46c11f57b7126a773eec6ae9ca7ae1c03c9a,0xbeef088055857739c12cd3765f20b7679def0f51,2026-08-31T19:55:55,large_erc20_asset_flow,0xac9650d8,true
25875019,0xfc6f0544f1778751b137a9784708c60fde9db3fa0d7b64f23a22ede9e2bcfb8c,0x5f8769281662a4af0175f7efe521892c52850ac6,0x40a6700b99115cda7b12bd0e21db1be8ae524bf2,2026-08-31T19:55:55,repeated_internal_token_drain;dense_internal_fund_flow;complex_trace;high_gas_used_context;token_activity_burst;repeated_risky_internal_calls,0xa9059cbb,true
25875020,0x7dc15d9ef32ad451827b5794760d63d20f5b25d5ae40b3d8dc568afd25a829de,0x77746d6ffa0bf81eda08b16826d9b1e3068b593c,0x555ce236c0220695b68341bc48c68d52210cc35b,2026-08-31T19:55:58,large_erc20_asset_flow;complex_trace,0xc3c16ee4,true
25875020,0x9ab09a0059b182c5462682160f35c98d1febd2d8e65b8271b63394ee5ce738c5,0x4838b106fce9647bdf1e7877bf73ce8b0bad5f97,0xfeeeeee44046c3f61a8cc081e0918ef0de0a7ffc,2026-08-31T19:55:58,selfdestruct_context,0x6a956803,true
25875020,0xa518d27169805906ce293a30044d6d07f59858e7b17ca45dcb4927c6915e3ca8,0xb08b2c3099193bcf05f742ccb7f206635fe243b3,0x91ff8bbd8ebb07893010d50a48a1609e5ebd8e34,2026-08-31T19:55:58,complex_trace;high_gas_used_context,0x069d1525,false
25875020,0xbf04bc6d836395a1d71822f52fdfaa082c345a43d78fc0638aafcaa19a7f182d,0x1857f1af49e03fdd3da26cfdd7aedcba445e0eaa,0xbc1d9760bd6ca468ca9fb5ff2cfbeac35d86c973,2026-08-31T19:55:58,dense_internal_fund_flow;complex_trace;high_gas_used_context,0xd984396a,true
25875020,0xea6bb537a830aaa1b90a9ec289bd33d8455e4b9730adabec4c969e6173337ce7,0x13e7a904c0c6ace222b3d6b6567fbc5192041127,0x7777857616fb37f0cfa262e9bb945e828312df17,2026-08-31T19:55:58,large_erc20_asset_flow;complex_trace,0x3fa72595,true
25875020,0x8c052ae5795ca07c830a60c76560b5d6544007ec9ed4a894fa7e7dd288b8e525,0x4838b106fce9647bdf1e7877bf73ce8b0bad5f97,0xfeeeeee44046c3f61a8cc081e0918ef0de0a7ffc,2026-08-31T19:55:59,selfdestruct_context,0x6a956803,true
25875021,0x062af6dec938576c7a4a3209e17259a2efa84ab03da3fc6db217b01f9153751d,0xcbefa9f505938757e17b8e660f2941a02dc58e98,0x1231deb6f5749ef6ce6943a275a1d3e7486f4eae,2026-08-31T19:56:31,dense_internal_fund_flow;complex_trace,0xaf7060fd,true
25875021,0x57deca713f09121a618ef78a89909b07bcb2a59af058db723296abd843fd4edc,0xc6acbee42e9e323140c1ed060c2f6ea9cc3b4b75,0x7c5a71c9fefbc7691f9d4ac7baf70c743792f716,2026-08-31T19:57:02,selfdestruct_context,0xf3fef3a3,false
25875021,0xc2bf2f8794da23c9aec4b225b0a6100745a1c2f5b72c1325eb57ea6fe656f593,0xf4d02174bdaa72dcd126da640cb57411aadde0bf,0x7777857616fb37f0cfa262e9bb945e828312df17,2026-08-31T19:57:02,large_erc20_asset_flow;complex_trace,0x3fa72595,true
25875021,0x2af788b6d87deb3be570c73c275ed6af8d6c76ec10aabb6510c5fb88c0ced1a9,0x6cc149b5f9ffcc44c46eb4502989e3f724030053,0xfeeeeee44046c3f61a8cc081e0918ef0de0a7ffc,2026-08-31T19:57:03,selfdestruct_context,0x6a95680f,true
25875022,0x33f08116a982b2177fdbd2651b7b650be1ceb461002692370763115943ea0414,0x4838b106fce9647bdf1e7877bf73ce8b0bad5f97,0xfeeeeee44046c3f61a8cc081e0918ef0de0a7ffc,2026-08-31T19:57:05,selfdestruct_context,0x6a95681b,true
25875022,0x5a746b8b09b364ccf650d884dcf0e0538aa5fa1b1b73f2dce569870c9e25f242,0x4838b106fce9647bdf1e7877bf73ce8b0bad5f97,0xfeeeeee44046c3f61a8cc081e0918ef0de0a7ffc,2026-08-31T19:57:06,selfdestruct_context,0x6a95681b,true
25875022,0x5ac1a68e791d9a40b1952fbc0ba07cb3b6c333f0e07e496a16af6d53a4af73b1,0xce54f65abb8b61b83c14cbe97de97fce75bbf556,0x0000000071727de22e5e9d8baf0edac6f37da032,2026-08-31T19:57:06,privileged_execution_context,0x765e827f,false
25875022,0x851381425449339fc6e53a060d47ebd4981056d24126ca6a16d4df780c93d7d1,0x13e7a904c0c6ace222b3d6b6567fbc5192041127,0x7777857616fb37f0cfa262e9bb945e828312df17,2026-08-31T19:57:06,large_erc20_asset_flow;complex_trace,0x3fa72595,true
25875022,0xc0a8619cb62db83e5a2e550faa022a634729de59008139caa84bf30ce3d4aaef,0xd8495b95a3a6a85f4e3baa003e8b7ed1ed85562d,0xcd63a29faff07130d3af89bb4f40778938aabb85,2026-08-31T19:57:06,large_erc20_asset_flow,0xaff6cbf1,true
25875023,0x349401c15e676d5345532c3dbedefaebbce9228751006c44e9be3fd6b1c19cf9,0xa7ebd070702d4b03dd6a3c28de880b2b17c03fd9,0xca52d8c3169b4071f20262a1ab6433fe259a6736,2026-08-31T19:57:08,large_erc20_asset_flow;complex_trace;high_gas_used_context;approval_burst,0xb039692a,true
25875023,0x54b4c66200b48e4e0dfd3a325a58ba1f50e7090284da09b825cbe28c7a9c9939,0x4838b106fce9647bdf1e7877bf73ce8b0bad5f97,0xfeeeeee44046c3f61a8cc081e0918ef0de0a7ffc,2026-08-31T19:57:08,selfdestruct_context,0x6a956827,true
25875023,0x0fb6ee635fb9859131243e045aaaa9f2254d67b9228dffb14fdbc0a6d6896647,0xbe0b407782a7599380fa726db315340126d62229,0x4d2fb5f8ec243fde4df1a9678b82238570c7e0e4,2026-08-31T19:57:09,repeated_internal_token_drain;dense_internal_fund_flow;complex_trace;high_gas_used_context;token_activity_burst;repeated_risky_internal_calls,0x6a761202,true
25875023,0x8b25fe147527d25013e67d8e74823ecf033cfac3046bc71b0533cd65a25205f8,0xd43abb2238036a26daa298bba49107c54efeffb1,,2026-08-31T19:57:09,repeated_internal_token_drain;dense_internal_fund_flow;very_complex_trace;high_gas_used_context;token_activity_burst;contract_creation_context;repeated_risky_internal_calls,0x60808060,true
25875023,0x1b5624068f8a11ae1d637e1e1f6d67a43e748e0f2f078da393c91d80b458537b,0x0816cfde9980c2f2296213cf35a9e8c5f2c6b2d9,0x91ff8bbd8ebb07893010d50a48a1609e5ebd8e34,2026-08-31T19:57:12,complex_trace;high_gas_used_context,0x069d1525,false
25875023,0xc3aac3eb9da85f8bc56d6ffdc254d9dd8a3069350176c0429b0fec234129dcb5,0xf4d02174bdaa72dcd126da640cb57411aadde0bf,0x7777857616fb37f0cfa262e9bb945e828312df17,2026-08-31T19:57:12,large_erc20_asset_flow;complex_trace,0x3fa72595,true
25875023,0xc7f5950539e359be2f51b85b3b0b4cea5007cebd81e2010f1696727d7e55ac0e,0x44ae26c60542e56d1b6278f4d59cde9dda39e843,0x1b6257cae4192e62b629efca21771be3d759183d,2026-08-31T19:57:12,complex_trace;token_activity_burst;approval_burst,0x9be111d1,false
25875023,0xe0a30e9323757f8fadcfab2c3bbadf5bd07d2d5fe00004eda1a4f596ae7713c5,0x4838b106fce9647bdf1e7877bf73ce8b0bad5f97,0xfeeeeee44046c3f61a8cc081e0918ef0de0a7ffc,2026-08-31T19:57:12,selfdestruct_context,0x6a956827,true
25875024,0x06eafd41fbbbb5911128d385b92b151eba1696a6c39d7cfecb63da0e25579d09,0x7556699aa8e6a7c9c69bcfaf9debd05f8192b063,0x7f3d4b092559b17f2227699a1f39cd56a90ef749,2026-08-31T19:58:15,complex_trace;high_gas_used_context,0xe587456a,false
25875024,0x20bb09e8782d9f22bd41fab815f42c28d75cc601a1a481fa52047c798efe62d5,0x0ab01bfd9c632553cf7de2d3f064152ea918504e,0x63b2d3b0a26c1938bb0ae9779b96073946d4e4af,2026-08-31T19:58:15,complex_trace;high_gas_used_context,0xf51ca2e3,false
25875024,0x3958768ae91017503a0c48841afd485c6a06356e76d9b31b68aaae9a980b9a8e,0xdadb0d80178819f2319190d340ce9a924f783711,0xfeeeeee44046c3f61a8cc081e0918ef0de0a7ffc,2026-08-31T19:59:16,selfdestruct_context,0x6a956833,true
25875024,0x53ddd1b65d0555d62a3cc58072149558fd85b4aa3a7419df8b9684e0235fb1c6,0xdadb0d80178819f2319190d340ce9a924f783711,0xfeeeeee44046c3f61a8cc081e0918ef0de0a7ffc,2026-08-31T19:59:16,selfdestruct_context,0x6a956833,true
25875024,0xa8f333a3caee06927cfd7bb0cad118f20ce6419d4583afd3ab81dce2059baa51,0xdadb0d80178819f2319190d340ce9a924f783711,0xfeeeeee44046c3f61a8cc081e0918ef0de0a7ffc,2026-08-31T19:59:16,selfdestruct_context,0x6a956833,true
25875024,0xdef217bb0182b0e20433af9f0c03077ab9e3cef93976ab5d41393a2538a667b1,0x09cfee647fa339133380191c8db6b44f24500c9d,0x0ca8e8d976df3321f6ff0a8cca96536a51565c81,2026-08-31T19:59:16,repeated_internal_token_drain;dense_internal_fund_flow;complex_trace;high_gas_used_context;token_activity_burst;repeated_risky_internal_calls,0xa9059cbb,true
25875025,0x00b548fda123aa5b83ce2305667e070b569683cb0e15cbeab6f348e37ca7f664,0xb2860e52a68c01a31aa03810208b069d72359563,0x91ff8bbd8ebb07893010d50a48a1609e5ebd8e34,2026-08-31T19:59:20,complex_trace;high_gas_used_context,0x069d1525,false
25875025,0x0a2864306eb2ff2665e0bb214d5cdb1248e8ba34447651aa502149308b8482ed,0x50bf934781f63028c5c8ef49c4affe19a86d99b6,0x8d04cc7e86e687854eb41d9d43512b655b93184b,2026-08-31T19:59:20,selfdestruct_context,0xb5291b32,false
25875025,0x194f7b398757822beee6a65d482a4029235b358b32a1d9339566d93e2b7d8368,0xce54f65abb8b61b83c14cbe97de97fce75bbf556,0x5ff137d4b0fdcd49dca30c7cf57e578a026d2789,2026-08-31T19:59:20,dense_internal_fund_flow;complex_trace,0x1fad948c,true
25875025,0xa80f301f283d3e5d11cd78cc9c9fd49bdd1fa6f560ac5be6b6ea003448d1d340,0xc6acbee42e9e323140c1ed060c2f6ea9cc3b4b75,0x7c5a71c9fefbc7691f9d4ac7baf70c743792f716,2026-08-31T19:59:20,selfdestruct_context,0xf3fef3a3,false
25875025,0x2b7d2996b1910acf74b3880c354afcb53eb77c9eebbe2b77027a8a3df08a7ceb,0x396343362be2a4da1ce0c1c210945346fb82aa49,0xfeeeeee44046c3f61a8cc081e0918ef0de0a7ffc,2026-08-31T19:59:21,selfdestruct_context,0x6a95683f,true
25875025,0x61a6508d6317e43065ac6d10bea0816d5d4aec096ea69b2dc95115fdf5bd2ff7,0x91355870a334ffc33e84503327773259e3030366,0x34deadf6268df17648b796da7376a32529a542e9,2026-08-31T19:59:21,dense_internal_fund_flow;token_activity_burst,0xa9059cbb,true
25875025,0x8c8e25819bc5868eafd9e2163dac02adf7705877075e54e5b459b289a7aeab6a,0x396343362be2a4da1ce0c1c210945346fb82aa49,0xfeeeeee44046c3f61a8cc081e0918ef0de0a7ffc,2026-08-31T19:59:21,selfdestruct_context,0x6a95683f,true
25875025,0xe9ceeb2ed5c9d00cd9ed535ac17ee3778fc5ab053e4d76f6b35444973cca3702,0x396343362be2a4da1ce0c1c210945346fb82aa49,0xfeeeeee44046c3f61a8cc081e0918ef0de0a7ffc,2026-08-31T19:59:21,selfdestruct_context,0x6a95683f,true
25875025,0xfc75dffffc4c9c35941fe5a32cbb4b85c818516fb3a9cab02648c4d166c4684d,0xe3009dfb2e76b6d5b076d2f11a90d80747ea467f,0xc10fc8fa761285fa3fa25aafcc10a54456ee8919,2026-08-31T19:59:21,dense_internal_fund_flow;very_complex_trace;high_gas_used_context;repeated_risky_internal_calls,0xa9059cbb,true
